1.2271
1.19367
1.11959
1.1977
1.22508
1.23743
1.24759
1.18324
1.2033
1.16201
1.17463
1.19748
1.2036
1.20673
1.18382
1.15747
1.20043
1.18908
1.19582
1.21669
1.18681
1.23378
1.16724
1.17762
1.19379
1.16121
1.14236
1.21841
1.21238
1.20519
1.24359
1.18734
1.22914
1.15252
1.22256
1.16874
1.16839
1.15595
1.1932
1.22001
1.13791
1.18717
1.14962
1.21056
1.22453
1.19274
1.21285
1.23868
1.15126
1.21401
1.21353
1.18334
1.154
1.23419
1.18143
1.22881
1.17344
1.15457
1.24152
1.28233
1.27035
1.21125
1.21609
1.2607
1.19823
1.20248
1.21629
1.22429
1.20981
1.24325
1.17819
1.16272
1.18456
1.2734
1.25266
1.21042
1.21967
1.21655
1.15443
1.21344
1.1882
1.20681
1.16157
1.20025
1.19617
1.1901
1.21938
1.13082
1.17141
1.25265
1.22967
1.21789
1.19883
1.21461
1.21535
1.24562
1.2134
1.17493
1.21397
1.19281
1.27455
1.20861
1.22495
1.17191
1.22657
1.17831
1.18386
1.14566
1.19093
1.14364
1.25191
1.19293
1.24462
1.18875
1.1212
1.20737
1.20733
1.21831
1.19978
1.1987
1.20144
1.20493
1.25202
1.19081
1.1422
1.27315
1.20009
1.22773
1.22522
1.19934
1.21062
1.21475
1.16038
1.16514
1.21142
1.2095
1.1902
1.17726
1.23198
1.17931
1.14993
1.28894
1.20962
1.21584
1.23104
1.20257
1.16024
1.26266
1.15741
1.26347
1.21213
1.19791
1.22637
1.16789
1.22864
1.1518
1.21019
1.16478
1.19428
1.1859
1.21874
1.18944
1.20597
1.14666
1.25841
1.21578
1.22674
1.17782
1.22425
1.17562
1.21892
1.23227
1.17804
1.20748
1.1965
1.18684
1.19867
1.21705
1.23741
1.24138
1.15947
1.20851
1.14144
1.18769
1.15723
1.22885
1.20325
1.16878
1.22876
1.19891
1.18775
1.22925
1.20654
1.2001
1.28235
1.19396
1.23594
1.20668
1.16981
1.242
1.22877
1.19794
1.22404
1.17377
1.12267
1.26797
1.17183
1.2379
1.19115
1.18924
1.18539
1.21114
1.27804
1.19423
1.25087
1.17787
1.16626
1.24269
1.177
1.15365
1.13366
1.24664
1.19017
1.13772
1.13821
1.20201
1.17621
1.19178
1.22525
1.18158
1.19666
1.19848
1.23007
1.24952
1.22412
1.19366
1.20669
1.19818
1.17198
1.16237
1.23471
1.19717
1.21549
1.21721
1.20221
1.1868
1.19973
1.16001
1.21366
1.18417
1.17641
1.22268
1.23275
1.25716
1.17759
1.13005
1.19901
1.2196
1.16478
1.16822
1.16235
1.18051
1.16047
1.21118
1.18508
1.19392
1.21137
1.24018
1.27121
1.2698
1.15675
1.20867
1.1701
1.16357
1.25886
1.19137
1.19332
1.21736
1.15082
1.20572
1.19565
1.18833
1.21278
1.1839
1.24648
1.17709
1.23312
1.22453
1.21
1.23655
1.17985
1.2085
1.18802
1.22145
1.24368
1.17165
1.18099
1.21042
1.13958
1.234
1.14045
1.20902
1.23645
1.14584
1.21609
1.16333
1.2436
1.19944
1.16294
1.16183
1.14777
1.24058
1.18029
1.26374
1.22249
1.20728
1.1344
1.22961
1.15804
1.20804
1.24603
1.2517
1.2557
1.21068
1.15846
1.18236
1.24245
1.17702
1.19453
1.21967
1.16898
1.1481
1.26188
1.1649
1.20468
1.13067
1.24784
1.18525
1.20575
1.21203
1.26695
1.22336
1.21733
1.22278
1.15643
1.22583
1.21593
1.26594
1.21591
1.16042
1.19993
1.18464
1.19338
1.18616
1.17399
1.20043
1.2112
1.21624
1.18776
1.23597
1.19563
1.16245
1.24146
1.21103
1.2524
1.17713
1.18284
1.18922
1.21769
1.1924
1.16614
1.15764
1.24235
1.17228
1.19042
1.21491
1.2292
1.24652
1.20128
1.20831
1.15388
1.2268
1.21683
1.19545
1.17941
1.17487
1.19721
1.1957
1.19995
1.19233
1.17714
1.23896
1.20479
1.21945
1.18726
1.18517
1.25019
1.21317
1.18409
1.23476
1.18987
1.25625
1.11255
1.22396
1.18119
1.21364
1.19068
1.21675
1.19433
1.11381
1.25233
1.28092
1.17386
1.20852
1.17322
1.18125
1.20203
1.18196
1.19281
1.18441
1.20978
1.27816
1.18696
1.23036
1.20951
1.25518
1.21289
1.16149
1.26058
1.23806
1.22029
1.24518
1.22194
1.15748
1.21986
1.24926
1.17557
1.21723
1.18583
1.21825
1.20235
1.20979
1.18035
1.22049
1.18307
1.20826
1.21053
1.21952
1.20347
1.18158
1.14005
1.25688
1.20436
1.19725
1.2179
1.23241
1.22611
1.21019
1.16265
1.17026
1.22599
1.12723
1.18859
1.16809
1.21888
1.17011
1.26305
1.17438
1.18581
1.19093
1.16364
1.17603
1.2029
1.21234
1.25952
1.1844
1.22436
1.23014
1.23008
1.24499
1.18713
1.19005
1.22327
1.23436
1.21154
1.15872
1.20785
1.19242
1.24525
1.19552
1.20695
1.18063
1.18944
1.14874
1.19035
1.22834
1.27658
1.18162
1.19522
1.20016
1.25143
1.19139
1.2184
1.22396
1.24062
1.20865
1.16072
1.23246
1.2273
1.23955
1.21345
1.2442
1.19984
1.18524
1.21009
1.20875
1.1998
1.17227
1.17634
1.18902
1.20562
1.21407
1.20674
1.27236
1.26005
1.27025
1.21101
1.15736
1.17455
1.14287
1.24981
1.23238
1.18266
1.16212
1.235
1.15482
1.20193
1.2346
1.21758
1.23127
1.21716
1.21656
1.20067
1.17612
1.18557
1.21066
1.22536
1.15871
1.19671
1.21038
1.20479
1.14512
1.23965
1.20449
1.19852
1.16809
1.1894
1.22518
1.20218
1.2529
1.19496
1.13389
1.13313
1.19868
1.28232
1.18192
1.17044
1.19968
1.17923
1.23383
1.1969
1.21251
1.27626
1.12373
1.20469
1.17575
1.24357
1.18352
1.23104
1.2142
1.16684
1.17926
1.20179
1.17298
1.18491
1.13048
1.17101
1.20323
1.22711
1.18668
1.23725
1.20882
1.18584
1.25802
1.20893
1.22773
1.18419
1.18961
1.23114
1.2126
1.17011
1.27517
1.21714
1.19747
1.21255
1.18921
1.21402
1.26966
1.19347
1.18077
1.16669
1.20885
1.14284
1.23105
1.1895
1.17277
1.19319
1.20625
1.13039
1.15263
1.22677
1.18684
1.17342
1.22099
1.16781
1.24932
1.17615
1.18047
1.17082
1.23291
1.2295
1.23272
1.19353
1.18411
1.25147
1.18708
1.21624
1.1808
1.18505
1.23396
1.19332
1.22181
1.23099
1.17877
1.19947
1.14123
1.16899
1.17528
1.23288
1.16558
1.22342
1.21488
1.17747
1.10996
1.20633
1.1752
1.20037
1.16434
1.18107
1.19248
1.24497
1.1887
1.21601
1.2125
1.22545
1.19334
1.23027
1.21544
1.18108
1.19661
1.19974
1.22411
1.22317
1.23474
1.19343
1.19077
1.23665
1.20126
1.16922
1.19166
1.2248
1.18247
1.14281
1.20281
1.20091
1.29963
1.21924
1.20886
1.22583
1.20822
1.18574
1.2194
1.22189
1.19784
1.19285
1.18048
1.18862
1.17809
1.13464
1.22543
1.19401
1.1588
1.19893
1.17424
1.13518
1.23437
1.18912
1.19724
1.19744
1.19061
1.20941
1.16193
1.1747
1.1747
1.27982
1.18509
1.15136
1.2162
1.22091
1.20457
1.20789
1.18101
1.13103
1.15832
1.24784
1.22048
1.19483
1.16088
1.2139
1.18508
1.2485
1.17861
1.27984
1.17211
1.18134
1.20093
1.15975
1.17723
1.14133
1.14805
1.19388
1.20518
1.24319
1.26928
1.17189
1.19075
1.16529
1.2065
1.18423
1.16998
1.14573
1.19993
1.22947
1.24286
1.1622
1.12869
1.20066
1.26377
1.22643
1.21524
1.23025
1.21586
1.19551
1.17222
1.2809
1.14109
1.17866
1.20217
1.2076
1.169
1.19016
1.21948
1.18872
1.17428
1.25143
1.18261
1.20508
1.16256
1.19578
1.21754
1.16868
1.18891
1.12915
1.17652
1.24907
1.18476
1.20267
1.25024
1.17925
1.18926
1.17772
1.18094
1.19415
1.18261
1.21138
1.20049
1.22054
1.1996
1.24029
1.19539
1.20635
1.21789
1.21049
1.24728
1.22071
1.17661
1.23262
1.27469
1.23494
1.20258
1.19367
1.20805
1.15762
1.22418
1.23581
1.27896
1.20843
1.11382
1.20101
1.1917
1.14735
1.22834
1.19225
1.21265
1.18734
1.19609
1.15121
1.20052
1.18774
1.2018
1.19053
1.22013
1.16756
1.15709
1.17433
1.22242
1.19195
1.16457
1.1879
1.19653
1.15786
1.2541
1.22142
1.19475
1.16996
1.24412
1.15081
1.22668
1.18914
1.20444
1.22757
1.26512
1.1822
1.24208
1.17312
1.18305
1.20041
1.18073
1.22061
1.25102
1.20578
1.19868
1.24696
1.22575
1.22333
1.18466
1.1623
1.22981
1.2214
1.19908
1.23614
1.203
1.2093
1.20098
1.2232
1.21551
1.27076
1.17314
1.20696
1.1669
1.21267
1.15649
1.15821
1.18862
1.16057
1.1849
1.24912
1.24991
1.21405
1.21608
1.23649
1.25618
1.14941
1.16132
1.18671
1.20821
1.16669
1.18798
1.18313
1.18112
1.20322
1.17909
1.16651
1.19276
1.25047
1.25041
1.1941
1.23665
1.0995
1.24246
1.2286
1.23203
1.20762
1.24483
1.19611
1.14844
1.1767
1.22563
1.22172
1.18736
1.21596
1.22865
1.22046
1.15196
1.22146
1.23087
1.19625
1.26785
1.20166
1.1819
1.22365
1.23022
1.21701
1.23161
1.21817
1.17079
1.16268
1.1962
1.18306
1.21586
1.20497
1.24773
1.17043
1.21695
1.20204
1.25021
1.22982
1.12925
1.15114
1.16878
1.1942
1.15753
1.21396
1.19638
1.23153
1.22426
1.20521
1.19907
1.1716
1.17462
1.26104
1.14459
1.18188
1.20498
1.20094
1.22031
1.27865
1.23724
1.23892
1.20851
1.2216
1.13241
1.21152
1.17826
1.21562
1.16313
1.19449
1.21484
1.20769
1.14294
1.22907
1.24262
1.23181
1.15965
1.16996
1.19426
1.19602
1.20943
1.30321
1.20781
1.20156
1.211
1.0991
1.22381
1.20166
1.18175
1.23834
1.22431
1.21143
1.2145
