1.114361375365776
1.250965293356291
1.096868668461060
1.199381649564580
1.356341324129363
1.185229258855677
0.914644783333093
1.155230595894370
1.082055027010442
1.266958885909845
1.138208016224089
1.162890868182584
1.296148426271823
1.186749543042291
1.036263492767823
0.959386888923069
1.237789041970886
1.005066340587727
1.169402509971918
1.171124997873306
1.316210120924398
0.919596115427128
1.180090734272072
1.138114099306638
1.280377431257844
1.322029406639494
1.231881374499717
1.034505601912618
1.214583457449606
1.202546026953929
1.222081302289068
1.322391422265458
1.128064070679947
1.147186520224069
1.248647093435427
1.172359130095967
1.138727697614550
1.362542951138121
1.371682852153404
1.085558042219370
1.003132786900785
1.307058956472003
1.113290911620360
1.368382479424071
1.096740898097830
1.009079025009750
1.200845833538442
1.486128315165374
1.213636259279662
1.301003131060149
1.284779115139267
1.307776427025038
1.052244693787949
0.969088072581482
1.147894811151568
1.101710662665963
1.224394599542224
1.333884499589941
1.173611795988564
1.147250016698447
1.342684136116214
1.070082016916987
1.095112351230168
1.449131093210282
1.114926006431989
1.298259931457358
1.111848386128919
1.352996532749453
1.195259711710180
1.200702286864238
1.217399615597827
1.188318842358867
1.140085596390350
1.076683143908532
1.051075186164761
1.177511100380214
1.363950687747590
1.162171985635603
0.854022442271521
1.131786702854086
1.100657943236433
1.178093571551110
0.957662412077022
1.355786226194349
1.177301020147655
1.125367320831073
0.969651113833937
1.281009723514708
1.256337002839011
1.229807102259489
1.225990088948034
1.321455281896382
1.304578673857275
1.285730594366881
1.172320953246985
1.379128437567334
1.119449103409255
1.122204865205243
1.165723494591092
1.259123486145702
1.090062045453161
1.204391679131323
1.319503424900760
1.541770424453345
1.038066339349653
1.127188288282838
1.379155853952986
1.166928102548070
1.317244905058596
1.220298078578012
1.353418544663421
1.099637199966421
1.426188870752523
1.185455711721591
1.492600577031706
1.228007138277832
0.997341354026851
1.256886877702671
1.014622083087938
1.211617771138173
1.054119475366221
1.147975429810405
1.186264928690914
1.278370773696499
1.292772898852580
1.426268850203061
1.085102258643061
1.235221732375926
1.193859324920228
1.074377398203277
1.293550782272687
1.152927162979992
1.379645020662227
1.153937420843001
1.368445042132181
1.185637548363573
1.161883252617208
1.106783954518448
1.298597990503271
1.087713162523047
1.317544208730207
1.641804367080822
1.161024152249460
1.171817473785842
1.122044406219616
1.134986116952176
1.568657192390633
1.040184259612080
1.304001133122045
1.170107493835980
1.235332630395324
1.327707586241835
1.270919390569108
1.027529513948709
1.182665498627396
1.428864315860257
1.270754735621654
1.217206051738989
1.242499624103851
1.531617720981304
1.111300041663079
1.302205793182437
1.063824101293310
1.262291206410851
1.106728983584758
1.068920731134734
1.184359293220306
1.176765271217158
1.126507032051768
1.327317309588922
1.305013989505525
1.158761445595770
1.124098585397028
1.197341225786455
1.131731787191227
1.137611531344275
1.340973254798087
0.998162469885345
1.352137675766993
0.926955602591931
1.210148535908354
1.023999889068812
1.239498554214049
1.433398039924924
1.201401186434931
1.026771939348224
1.359876946520659
1.269990663289832
1.392654365849212
1.259961032660777
1.073327833414656
1.312450490436288
1.262438297181174
1.128931181001184
1.310911120262067
1.065426583244625
1.116212105115536
1.108821549917854
1.337557846471001
0.868097729988008
1.063310401773884
1.071392840363113
1.180118185512927
1.208621107718295
1.226525663454650
1.262773898850681
1.219808442551606
0.936960666617721
1.614299512720223
1.138904454607251
1.122832030770852
1.155181907039314
1.188739724662679
1.221970404827678
1.136287222909150
1.044930971494873
1.376335182644158
1.193183055040089
1.266676344745971
1.228794783495798
1.191693743850346
1.380155039626055
1.192352370339568
1.080996793108561
1.163835694910433
1.036029661430635
1.044198189098381
1.176959092070853
1.137410135744696
1.507827370378307
1.247836071517441
1.491242279121241
0.976698178884430
1.269729569890295
1.285777495749100
1.123401836823603
1.228490265924169
1.117616462679600
1.321452272015986
1.333700489511942
1.045422399712608
1.150366605761062
1.189187983631673
1.213709592267089
1.222043791165126
1.446188177439144
1.218036967024571
1.216118877684632
1.246169506894679
1.036886019313553
1.070572435581296
1.083658519930331
1.252630672776371
1.369202737475614
1.227659738688365
1.406789159024793
1.201984258888979
1.200449686699709
0.923663547902682
1.321492201797918
1.171885725094665
1.368853830174507
0.944722673460266
1.408344192187059
1.158698306223587
1.208967018814937
1.239277371756612
1.080734810013520
1.244182765359643
1.459002657651316
1.419142342153360
1.185112871787818
1.216066173054261
1.000372094399966
1.408879217017054
0.960078087063142
1.367359087247259
1.077533511086673
1.310105839853950
1.271038923335499
1.325019196100557
1.111385316017915
1.180184504613691
1.285148056049463
1.011965953926417
1.083834895262092
1.311465408328284
1.218465227485816
1.172631401961084
1.180767728372878
1.228471625922675
1.284636033060337
1.233900433629576
1.080121714905619
1.218853594084629
1.140702150193208
1.161286046539030
1.219773721365037
1.205469621268879
1.131846062918904
1.209933581147683
1.087057959615024
1.199593765089797
1.048189029147179
1.177041119335495
1.220306087115480
1.093593938912232
1.186979588748693
1.165854182722123
1.182125979218639
1.196125679019235
1.167723914405712
1.312324193093619
1.265512573694189
1.425070328618051
1.129341897335792
1.191549159258250
1.425312825480973
1.131583014341957
1.230176229528584
1.524596750370362
1.167892649839864
0.997822328130146
1.142775962524146
1.296989146839897
1.240428093598525
1.134622860092493
1.239227868409235
1.292068264253339
1.352148586881379
1.304340041713989
1.165903303123180
0.999266971903239
1.206642084686807
1.363855198338294
1.042444184344744
1.205109327988680
1.393227919089124
1.162279773239958
1.091850441278298
0.936917163854075
1.242575100026516
1.033323616862477
0.982438064389249
1.285499225643043
1.289397102833646
1.063715720507608
1.154849874541898
1.379572194896118
0.929409244703895
1.472830302857500
1.172446038593234
1.270548785039322
1.105274484045321
1.028332717847614
1.235200469697617
1.378640837500255
1.206248048525274
1.200074289219523
1.175457129478931
1.247741220552113
1.226298449807553
0.893213857445103
1.740772017666778
1.135573088216438
1.260566844052322
1.062447574877282
1.175367264940300
1.267593040467607
1.081612464500079
1.149438707821708
1.260741890096492
1.162415903103562
1.334978957252326
1.449590205358587
1.380406602083488
1.382451610528750
1.045146988185986
1.170847081574767
0.964565347475163
1.280355888544811
1.224458392787505
1.112546252467929
1.286653291678184
1.215733227977106
1.295865979876439
1.134573450085064
1.452428424630964
1.445531393009645
1.240558276550634
1.082518535462622
1.150815400798117
1.070153282107583
1.118548969032403
1.105936506361907
1.191664963179659
1.018861607499698
1.231712036759413
1.072796166254762
1.066463676659081
1.345236766668985
0.979986094390083
1.334114959704269
1.268881698191141
1.428933774625852
1.001803195509869
1.309598902320050
1.528088720321790
1.151193959248236
1.367145022894893
1.093140891316365
1.164024835418431
1.309797285511395
1.177747747529458
1.183622096980273
1.199453938003477
1.292239549746390
1.233274738220079
1.238036259249285
1.322969828129206
1.258411563309868
1.335947462256482
1.343262600214794
1.300437824909874
1.222189635828989
1.206834639621318
1.177440534676021
1.004282598642282
1.534328129802091
1.256037070435143
1.445564900458018
1.177589382597829
1.211331560719991
1.087513175210460
1.202199932153333
1.094320818016249
1.112018698447761
1.265616680103618
0.987390384968074
1.044598855781204
1.267015520697967
1.212714276721269
1.394052707847523
1.112379633611713
1.250787472252674
1.464499566129147
1.154841373669041
0.993545820593855
1.125359103171053
1.151961701833275
1.076564201696812
1.336054636612258
1.185849802501525
1.092093945062371
1.368171539073408
1.017116967152391
1.106711109375444
1.324161869341679
1.056089567557217
0.969084945094593
1.409414828138220
1.249688769835538
1.285751848103192
1.192686839016731
1.167606885364114
1.020801764998393
1.187366056522104
1.279828922484634
1.105291779030900
1.286280525449920
1.143033234907628
1.239261640664817
1.256347807961693
1.419809789899736
1.343872550864566
1.287446868455689
1.138538870253473
1.201077680688396
1.017063427332667
0.964775185738944
0.950855967024205
1.082618865102185
0.909935401754696
1.037209327279608
1.276831707491648
1.251355844551421
1.087687614067991
1.291526427276673
1.304524377139049
1.006959289370819
1.314450220282153
1.140467744964893
1.150215521545269
1.241714074340207
1.239120087667419
1.095617132384687
1.038849069053868
1.344992090198713
1.388204515305888
1.293362982680663
1.206199383074289
1.563799522232225
1.219784129478291
1.181752558458770
1.086558228184535
1.208707729004506
1.253772521106626
1.406165827265166
1.210128111607601
1.158633599171254
1.254507893690399
1.110736698036972
1.070055352610736
1.261953181897806
0.947786219249894
1.051240358763843
1.210664876414654
1.339814766842143
1.205503854826270
1.202980361424024
1.421458642001648
1.131543774857567
1.397154741526333
1.378242684509644
1.152807054673230
1.017874034304525
1.077138428525925
1.057752216213080
1.120010894758810
1.055137168320017
1.258388211818053
1.077164202159346
1.240351875685505
1.211978795703084
1.118004475381973
1.256500194081133
1.195942562718791
1.143023685414467
1.273123202050244
1.524293544345185
1.199085624900968
1.094516587786055
1.696395407581806
1.161389558249919
1.301219242719182
1.049662372719572
1.102797712594321
1.256863666454280
1.101424168668951
1.218611512551402
1.064258968296315
1.307995066084848
1.371371045481566
1.070114444779764
1.374698767511137
1.268646029769353
1.215778619453327
1.230307279715537
1.494398259432028
1.007109449104067
1.212944169725212
1.253333547967262
0.957551814882832
1.189286780139940
1.165327919146923
0.991319500022921
1.385904475160997
1.273801614137479
1.079438493363174
1.046529644368909
1.101544839674084
1.029711901366510
0.945766167346351
1.075051110280276
1.277313099234421
1.080308995429029
1.152735458163205
1.093842204667405
1.400963651371117
1.272530293404982
1.092571609750747
1.209441217428068
1.442383465159272
1.096873372519220
1.166486981199006
1.170584640835538
1.453475683958687
1.047296902316163
1.366711228515594
1.507272821914078
1.066407173877782
1.069535595848410
1.414929324917660
1.166640595714929
1.224745610871156
1.121878240784687
1.021415115249865
1.131427524702962
1.108107044939557
1.108260151254035
1.013144593502736
1.090692331811828
1.263172536525290
1.055632822588809
1.378346044762713
1.300972436190624
1.211389520106244
1.266624511894098
1.100300761692329
1.236812934820926
1.075562078488777
1.031389704320330
1.248634793464132
1.112821465079056
1.092612788415577
1.155136584626260
1.092110110531922
0.916319488202308
1.200187971118390
1.279127823954635
1.116885677011674
1.434739411592761
1.196596739483463
1.062027128999494
1.126452751759341
1.043367164773647
1.393956180604465
1.170578726141967
1.079596995138894
1.216833386701324
1.216412792082854
1.238246645278359
1.073796084101410
1.037625144219231
1.253223500998128
1.278792214138714
1.418105438222490
1.144488159854733
1.172225009352203
1.100713906532260
1.131867011480773
1.407444167852101
1.273699718891707
1.110795317901575
1.288041336357144
1.262209726156537
1.161676598450443
0.839505568302596
1.136337062297385
1.089476010248525
1.051852660294535
1.073581387984572
1.138279665647972
1.174349585978083
0.939241838817167
1.200308068852954
1.058244439223619
0.967478135032233
1.054268522406161
1.287532119175103
1.128073403761831
1.119278110295161
1.128581742840680
1.411826157291717
1.064330552515564
1.394346350420667
1.321410043830015
1.102219312173021
1.074250502350697
1.171464348612243
1.211434101504520
1.253904918842986
1.139264107403511
1.439256381161361
1.280456870186607
1.167105337341778
1.270784946363267
1.249217796111542
1.367404738039936
1.151000877336074
1.040652617866325
1.066187660919598
1.216495374074986
1.161201124329408
1.027223755206257
1.285584309711989
1.351169046853799
1.225312112034864
1.365571784016414
1.326392834471098
1.136953619636051
1.187059060651077
1.176856644225183
0.838908802972119
1.456106973165437
1.136580987028055
1.143410283021252
1.027350454803244
1.056502113870359
1.292324806061339
1.228527652470976
1.229628169530891
1.027683695914663
1.190703138087627
1.136234339773447
1.254287512585824
1.277582320649305
1.253289811400337
1.192479244510591
1.115738198511424
1.282768425353592
1.168506085898955
1.368334248958548
1.210555532516341
1.418229602370693
1.178135914845196
1.243119073635405
1.218544073245023
1.031460467530008
1.074009779216046
1.198076931033365
1.202339990345003
1.355276045963514
1.356362066350124
1.322683536874448
1.253924405748919
1.296721245044566
1.230370926582145
1.333523912446838
1.334111227036825
1.237135727534039
0.945763059848465
1.098776483395516
1.234942027213331
1.297608372151364
1.319408062478537
1.283788495082518
1.070687761190132
1.051341299945771
1.198883284725601
1.159189191088509
1.204076669169389
1.163092992849322
1.271156573057325
1.318566442353290
1.026409004575312
1.206404620332854
1.264745175364226
1.037482779552027
1.179831035803132
1.229665263551184
1.248722883911412
1.174988063229115
1.176144740239714
1.116534236246844
1.267100697938617
1.164820875968703
1.411276533604489
1.416732837828140
1.395909882838268
1.287389185015921
1.168821138963831
1.258643650878410
0.969558972823471
1.188593816720060
1.405128582130761
1.198966597521618
1.313442342971213
1.172669138627583
1.118753812951757
1.234034504614072
1.155890784082506
1.116997399659845
1.220493618712068
1.260646858142748
1.326249393829475
1.085597537349120
1.383572752528303
1.086056048704655
1.223053926144380
1.084948819923832
1.450814533780794
1.148241879612740
1.199180291304657
1.252151117663573
1.226927483606491
1.185433211684751
1.119338353217862
1.217089116147238
1.141027405609358
1.447742399738964
1.288137094054583
1.331875379079239
1.243468609248067
1.124572975475842
1.154213580909383
1.110537643764034
1.269332728471191
1.304837927091664
1.204064287948140
1.317355631332685
1.157342817885699
1.173593014582525
1.404091176962902
1.189653751464433
1.315471991109259
1.426479418028997
1.200394226817381
1.155628879817657
0.957539846829568
1.124800360174332
1.076037636805635
1.272550852638565
1.266960546322171
1.132106439501710
1.356459559217604
1.374849667612163
1.078374128438135
0.977243684203199
1.289040522803018
1.323444632432346
1.299916987971696
1.130625729768710
1.296668829462460
1.381046824603530
0.946982885964433
1.073413517494683
1.248307595256770
1.261750958995545
1.018374732337719
1.261252704821737
1.176691764579913
1.102396407805664
1.015814819984169
1.054111360458423
1.207622268297260
1.293014749239395
1.097697142086576
1.356197122118358
1.030807297897095
1.266233204479527
1.203442880860116
1.446403618984925
1.095898860573225
1.136823227704746
1.096808271852516
1.203541275945418
1.122396223759531
1.057625845862604
1.074919906038553
1.201462406065708
1.200666723745376
1.536140538719128
0.877791489634207
1.246951724772206
1.075848328695022
1.114109978470947
1.088092394838006
1.390379745270492
1.364611563842222
1.271735851960534
1.050500403948758
1.176851997470620
1.035429268244864
1.137510007935967
1.242888880381443
1.055480723737076
1.179060391283311
1.254021765148540
1.104765967518119
1.177942719363352
1.011369766089969
1.257254133871247
1.295035135813731
1.235711780125319
1.132083658234200
1.314026994048691
1.150623346692258
1.343209237330382
1.046250981409231
1.208413508009712
1.216105579109287
1.151197380166015
1.385555936313998
1.045027824425816
0.984608620509721
1.041546271931147
1.253878378667127
1.131917505832231
1.189950198810219
1.237728446763410
1.240761565641642
1.218438586906767
1.431446764609166
1.162171879016856
1.218479521230988
1.210835073921984
1.325353678819202
1.200645616269621
1.214856646806385
1.093223041910510
1.282424382221363
1.154223306562113
1.248354613400690
1.132775458228680
1.302527825759522
1.356645157456183
1.116255558922993
1.267186803714294
1.359514857098421
1.463855958579023
1.371013406107940
1.115895518303473
1.186973186923997
1.102054442607348
1.273915972778673
1.279222540840341
1.026148174699939
0.952295196277850
0.967231889407416
1.260422226590399
1.380733468164002
0.954546633337805
1.196916957333117
1.301069299194755
1.386352284325414
1.488493040038490
1.259665456284696
1.243559005817539
1.301098703650252
1.244794615785455
1.135951196863964
1.299474631040818
1.579111893680082
1.262758030295356
1.271004470588228
1.026574327390536
1.244125774543644
0.980438409980154
1.130570345324515
1.186424509762535
1.211905591858625
1.092660910242375
1.176809471079689
1.051678644664810
1.223352853175393
1.223947184236648
1.329721597755034
1.375523473359008
1.204783218660167
1.310354921245469
1.096554567716858
1.307327097200262
0.878763372234311
1.254669921360527
1.199451978208704
1.275623924010261
1.334246324025095
1.338012534361131
1.239446668907350
1.131733183640917
1.340847537611326
1.204198434556240
1.436369479654418
1.059583245916000
1.231570352072028
1.266398632360651
1.210539425289856
1.371640685674154
1.229072796237638
0.927068785858185
1.147983816788395
1.150423561801618
1.290573211212967
1.113473471512873
1.011130958681937
1.187937859287097
0.927868730148630
1.144718192305322
1.033658864623019
1.330508540308972
1.250695115585603
1.197105646547648
1.054234323983518
1.362005623754021
1.164818738687159
1.296829306676577
0.979022132535989
1.453951926677627
1.263827342440626
1.324936933385495
1.408756634918774
1.272797633220382
1.207773625990839
1.372628637008275
1.282855123477018
1.138951756153433
1.228525140732255
1.094263725561944
0.958796344078080
