1.157942836735347
1.059592474042124
1.112698508860807
1.101640241955223
1.127351857637767
1.163627219264357
1.221541060843566
1.221991732551077
1.237854981596948
1.244970306244152
1.097712573538899
1.276066177842509
1.260993607432056
1.047981048886777
1.178956734055807
1.194763438349808
1.273580092230164
1.178968338132784
1.210617055262787
1.043514311769653
1.163900627395657
1.148915024636978
1.287386306130688
1.185460532497260
1.188265308011404
1.249374312997357
1.254290729225487
1.274462293430285
1.254089356913613
1.221369127273027
1.176400348491691
1.338118626881397
1.227768026875649
1.082306045917161
1.225901645655264
1.311199487912792
1.226149242081358
1.248569600904639
1.290065084751935
1.276214126390396
1.110886527077636
1.188577028200552
1.243796748456684
1.236179322900489
1.163491360745364
1.278061005820539
1.265479807956527
1.296072639247075
1.170503819998006
0.994862310558741
1.245908619168164
1.316003352665810
1.178564482334121
1.196952918493927
1.248691732567372
1.104650630302441
1.144995446580370
1.376918617537203
1.262854948529634
1.213344372877670
1.208918950453542
1.244120438170436
1.157281232310531
1.263442903462501
1.174903230605052
1.170437418961931
1.279702680906466
1.195464558981916
1.204364355905879
1.233009435153719
1.056650856265274
1.101431892474139
1.248683500283617
1.136946246098463
1.150214875583538
1.075924559235687
1.202992478785365
1.117622090114311
1.382758252607302
1.291544480372781
1.257017785779019
1.284469810442345
1.126182363553086
1.222627066836203
1.117516113628883
1.198089587322815
1.071882901064652
1.246384087908573
1.190508371703005
1.226375749990179
1.299166200987346
1.211768456080654
1.221164000627493
1.375776428120540
1.102234163550730
1.335721497490194
1.328339665454772
1.121492101551699
1.122243570977828
1.075740094092982
1.138419836104627
1.395703695462738
1.121911304187916
1.313906689678952
1.284075867297140
1.226289585779888
1.245094059798391
1.270571008614059
1.202784123199796
1.163573411662173
1.278116112920003
1.061018251417718
1.317192128603620
1.168914046001734
1.125999737717642
1.194465343953077
1.255106265637121
1.245614578546906
1.314520274056240
0.972640493881711
1.205250380876401
1.227905526352025
1.207735468627377
1.077692629732273
1.283512105668256
1.217756466338997
1.189086605132265
1.127308282644899
1.178840678288759
1.387437932994608
1.132941103405201
1.142068010574386
1.133583098996011
1.167837202562776
1.345214544827920
1.161356704170166
1.046879400190246
1.275548235820680
1.358482834568844
1.104487138817376
1.196003833181555
1.061306997471482
0.998317196319560
1.194461171129657
1.236779625725611
1.184135283586278
1.151698791202861
1.229397602064995
1.092538441219205
1.068819242396009
1.179504190906422
1.213592255810959
1.090203741760881
1.121771578008859
1.281694039424629
1.133673174860799
1.201202719887530
1.068450054268396
1.189107379225722
1.310602956670964
1.295827230629827
1.051493967003907
1.150191089187317
1.015645314574007
1.113656842262877
1.361521292922850
1.113083070791798
1.252884780996824
1.257867798606828
1.094928416065163
1.233199644845513
1.268748718157300
1.155033986315784
1.116424274926026
1.126570105916722
1.268349262519901
1.137128601033639
1.291118083605822
1.318916668060072
1.319638299173959
1.426728234786442
1.093113485094352
1.190779667975072
1.168806739809579
1.226316441115440
1.219460369132596
1.101367815222579
1.180501744370287
1.405772302506138
1.185986531981800
1.364088310438857
1.194337127584484
1.336975102314496
1.216283839121498
1.246449555755062
1.172569522443361
1.218615586743460
1.226204867280698
1.295768168315309
1.187864367314374
1.251240959627925
1.020399683423550
1.222111786009294
1.216522096689252
1.294639319926668
1.243065253759262
1.194587641489964
1.118277227341887
1.136495378590514
1.184709310979864
0.987791245376645
1.258111984784841
1.055188884533473
1.229773263165406
1.027408162736399
1.218538650373597
1.183821215778283
1.243634112726666
1.149965487124793
1.326788167844786
1.069115181910524
1.264074283708282
1.242212650009128
1.347543291166832
1.370354671213833
1.264727107261123
1.326552351661182
1.118099387139192
1.128768981560338
1.175445653977412
1.323625162813124
1.268920469713806
1.424783263703169
1.066501674695377
1.195203782600599
1.258637431279467
1.320399070964344
1.213444030226887
1.277674764498401
1.327408102510965
1.139337324257737
1.056964697998506
1.203866052785016
1.151065681564829
1.248708821194267
1.174493155522510
1.388839975492787
1.274183479419909
1.008165618763870
1.233950813669325
1.293653544933680
1.098367622960252
1.231265420664103
1.029318750736104
1.275820088537242
1.231916576973200
1.247494487297619
1.307655774629404
1.141167243052514
1.118155479394610
1.097549837732201
1.353075235301973
1.171085600766503
1.134565344030505
1.207833339947650
1.265002130583848
1.328960354269233
1.160907046905712
1.098517081896474
1.146039468041929
1.191204874293791
1.253396144768838
1.248580971559037
1.326429295331708
1.186889849595158
1.303772312252242
1.292434007639442
1.139510862613198
1.073179896804845
1.355982033668825
1.247567869080717
1.122463113806139
1.156725456344092
1.035141912852396
1.192068532007963
1.192049164544718
1.093074334365997
1.234064895709020
1.193449733945259
1.386536498141743
1.223377758304260
1.201081782658703
1.190590610644889
1.256806376924713
1.344730187333640
1.349251908185676
1.076869552573773
1.274996879556628
1.167720427365556
1.403084057088203
1.147266618370692
1.140348097750135
1.228228614137375
1.222121242962668
1.431553338483752
1.165308900160669
1.305076339641222
1.147355303852226
1.170149724926229
0.979372215797679
1.402355404478542
1.160357523781438
1.209101784784445
1.278374655989991
1.311121529775602
1.024412129141831
1.289516242778312
1.307513738946444
1.274294781111673
1.225824822212653
1.174410292861567
1.217425615146512
1.236822843998033
1.045098202850947
1.152025151224350
1.048847603461617
1.102049951393299
1.326858632130909
1.144133756514894
1.224900151862836
1.192209865313509
1.256195970355221
1.441005345884432
1.195442430071451
1.221351156265258
1.274255211930791
1.236234918978302
1.324784330519257
1.167230937358522
1.324048486524238
1.203673851080361
1.290066727144487
1.206184281855652
1.315429092677517
1.318281983530216
1.067615724892780
1.181579884017753
1.295860268154830
1.351390955206895
1.271184553881186
1.273459671691920
1.338399988072324
1.222475436836848
1.276625725869532
1.150707191730017
1.326199063250517
1.276526758455635
1.421546615108695
1.232429951130671
1.250378892771577
1.079157308729139
1.246562027961507
1.251699726124514
1.304578641509352
1.212002421214293
1.288912805167038
1.337052042616409
1.052684811643429
1.252923878145748
1.217883000644186
1.311116102708919
1.288843514017864
1.099740715172438
1.150199407537747
1.136610689206059
1.323090245071582
1.097249528764679
1.301060717259975
1.075205259841589
1.107147114983756
1.146832714616371
1.120993842462331
1.168070953371751
1.193127898145764
1.351554096252205
1.062181461156298
1.326004809731151
1.170653922820430
1.093590807127518
1.161378077985236
1.175785241015700
1.379471306962284
1.316842477546161
1.151060110387859
1.122317631447295
1.081243379110712
1.256087962989054
1.139657591407123
1.089882493718422
1.268572907934100
1.198403455612167
1.287495581216332
1.192498731274505
1.167754123658245
1.215249671055088
1.144678070741327
1.271566685849540
1.081008651722969
1.257628068739164
1.160885097203194
1.185814250286277
1.005130285916876
1.247536399963762
1.221809158669336
1.183972210911027
1.163922483489299
1.142109377933082
1.153221298058316
1.220387591667373
1.218035464002555
1.035207517214075
1.180281245033871
1.117029944647123
1.269656313322815
1.189753775388861
1.086297291537580
1.220086076275479
1.154738846906900
1.106036460756095
1.251708878137341
1.251730525181548
1.303078547674506
1.204608407767960
1.143213563763561
1.145314771073482
1.162520640227968
1.208588872422115
1.256920851860449
1.294885728335624
1.210115988100697
1.142430928756539
1.058557863484238
1.354979155543765
1.388305989303399
1.252081167238021
1.121148054181417
1.112081654120602
1.110220319494521
1.117270783244459
1.152157144314076
1.203131838628769
1.138393195635420
1.074349277692636
1.245076107248632
1.277464750944455
1.073881064340799
1.087300548186564
1.055889648064345
1.132072282597662
1.278650718359140
1.295574299776282
1.186013621545930
1.340822525888561
1.291391563790341
1.077131354927567
1.095415976139881
1.533791660264231
1.111708794206565
1.388530365642795
1.347652844836072
1.344196313047373
1.249018996047404
1.159158757491269
1.286337638278463
1.057268103410379
1.148733543923558
1.172733360911084
1.196981127573567
1.210425162999438
1.334654324861191
1.096668973017426
1.276553062091662
1.171444605151041
1.376196953759244
1.353102004851477
1.211540819755201
1.239437398681087
1.220929372800857
1.196230255585540
1.215642464187808
1.327595402559517
1.233441581302148
1.105975383257299
1.248605574096303
1.138303624912756
1.240600770068411
1.122479520663131
1.398540860910064
1.209350278838235
1.164473303071466
1.258318147425233
1.227821557200952
1.014376852716191
1.228945244391423
1.233334366444482
1.244160827009675
1.093512367868744
1.298929151916226
1.192509312002022
1.122440545720601
1.199954845141111
1.122732160951321
1.370905291159362
1.193638057050908
1.196632179909185
1.293835816182797
1.261379858379293
1.066787613402467
1.189666653099464
1.157655045351003
1.103126625431084
1.274385778857054
1.208742874740302
1.292254427948963
1.144395881546578
1.202425252350275
1.243365824831203
1.285901622364110
1.075099658601125
1.120916199011028
1.087814993888412
0.990008407417444
1.320993991515059
1.160577183260462
1.186404068041461
1.076737683069828
1.181522284820660
1.137144180536121
1.202208690071589
1.132606103876205
1.176790616925793
1.293846239364741
1.215888328495433
0.984541550250201
1.202259444238275
1.375714665046857
1.203133058854950
1.144941906721314
1.150235676873365
1.241872509587499
1.099239950192314
1.098374597703950
1.253727119148938
1.398400622502135
1.368297396764851
1.107631633508813
1.043366154623439
1.223853065207430
1.209735187735860
1.234747409773906
1.295388132520498
1.008459266670443
1.133704007379677
1.222097332660258
1.269201604641498
1.253627184427626
1.158926673779982
1.151955779025893
1.527017379558737
1.126952363717121
1.013748329574848
1.198486289167403
1.104049138224191
1.242601848395579
1.281259103384400
1.196768037944261
1.218802041484439
1.215099124010021
1.340607367128336
1.061497947786932
1.039734515922342
1.229821112413783
1.173703686855333
1.080739779389143
1.143108366793289
1.260485805602681
1.266602184788627
1.165965941774596
1.124356302122414
1.072520776747480
1.206052370351141
1.171723120056575
1.301910492186695
1.269251902339562
1.135308726340773
1.332173183107441
1.106659927060857
1.208732424500058
1.203957757842979
1.132444579692642
1.156549098303683
1.205519869707837
1.285637148486913
1.148707478237341
1.091437995045551
1.115510994162300
1.136546466915633
1.364661152333037
1.082929114992999
1.342793632583536
1.234919857492345
1.153745643219386
1.058367210763094
1.140026300137891
1.185625835869627
1.275649415792902
1.091154527486805
1.248504345897514
1.155960328031955
1.240984971143458
1.101097300190871
1.281959526466790
1.137540352457367
1.134380196988184
1.184518822197828
1.137017089252383
1.273500845101689
1.181793653133326
1.127122042323488
1.243811819532392
1.178651840075747
1.138447691496233
1.248691292783137
1.239369899955546
1.254407649116161
1.152289562732666
1.208017208514203
1.210881191983831
1.112100700781746
1.182579382346204
1.232314770925438
1.177448041752376
1.180449619879044
1.208526619885388
1.244328488177845
1.102466337258081
1.130505916194394
1.199069605027917
1.202133208163957
1.160222398632179
1.183669343140925
1.226832105968788
1.095563925125046
1.285021676688856
1.004566457607535
1.174617588401318
1.263048142920711
1.270610114451139
1.227438209160819
1.070740865216475
1.258584874241038
1.212501098513525
1.236247240382494
1.195006147735796
1.328160769258335
1.083846496658879
1.366002942353129
1.100581612949595
1.391967786797955
1.085097358645780
1.134873160053244
1.311658396910197
1.220677743328758
1.127517187641241
1.182187676243789
1.188141610118157
1.054311953317147
1.092131327026723
1.343884072022108
1.119123701407908
1.225778841623194
1.131370439485716
1.059230055207050
1.188384134003718
1.395386235171619
1.202685369888125
1.159371364505884
1.367222134872369
1.122872053664664
1.162157719832913
1.213103863382943
1.283048484963262
1.440861622090933
1.088524943079982
1.311448651638039
1.255709333174103
1.295620072937203
1.102445212113537
1.167235687056982
1.319773439189367
1.161468537225846
1.293745242062348
1.060497009824990
1.141042127383268
1.226865105291592
1.280012354073419
1.099135437922949
1.142204795232830
1.225158147598724
1.208096183637319
1.116368668543796
1.330699928359329
1.215071143994187
1.163835325133105
1.121687047426885
1.367399935913789
1.191074726351502
1.240100195374130
1.376793869302473
1.311429308513564
1.160937925570817
1.297644812975483
1.194475093523329
1.058178346535746
1.239672343245744
1.254901493471575
1.264965431147004
1.333842808980398
1.128545871987110
1.285711857174225
1.232289853352435
1.257330744840851
1.218075137290048
1.216784658559683
1.128697900463318
1.161293112612461
1.199158157257465
1.169931902456506
1.231176162220750
1.052088133137404
1.090035621868409
1.174652358180255
1.078534522595795
1.476696278793563
1.107302281436925
1.123310933507078
1.084483274320931
1.159795004967368
1.263721101822434
1.174331311478082
1.144005263761726
0.915429055596011
1.110388807982518
1.069018366925901
1.118185457602909
1.050140256322269
1.178406830264862
1.151396308347018
1.116874509577888
1.022004372289820
1.296986478520107
1.115524754407043
1.375219921221800
1.252180302231909
1.121515429913883
1.119217481579830
1.229532535361503
1.138613515446548
1.379058453900017
1.237852683119325
1.211782886580085
1.279906299853923
1.115997859395277
1.262862771445157
1.030839892126233
1.354836196224891
1.187994829886114
1.242687510181904
1.477975641480614
1.269245347085533
1.254985694744848
1.270724732721006
1.293757049615413
1.171044256152335
1.149808055381851
1.207490049733578
1.224245614216662
1.124109982245934
1.073335693019867
1.306680887772940
1.199361075709362
1.184327386540680
1.079166210464608
1.178170711456318
1.086104069207563
1.145507968211938
1.303430974560398
1.108270822119879
1.231055623582901
1.078946867754201
1.099191657846931
1.171065111240310
1.293082050578750
1.079766975043970
1.101322828994766
1.173892643158393
1.162207923195204
1.181436773267679
1.259451817676579
1.256303527741385
1.313624170875049
1.185780260430867
1.257052405250898
1.303392234005239
1.464888293199952
1.165542393637015
1.109274868043767
1.380307112391749
1.300034100730783
1.080605022714797
1.111227611198861
1.107017245172276
1.146581747220428
1.232999022204444
1.320574051830324
1.245944076635076
1.120010001178116
1.333306248654844
1.275340872174781
1.393983408356083
1.269891602186182
1.291966244048352
1.368817674739915
1.254825979435219
0.978445758758241
1.036504414031999
1.089108121660756
1.380082157077454
1.343970700919280
1.223977765149744
1.318073696298612
1.263865910245856
1.206085041689195
1.219398049302923
1.164487464024171
1.150082477115515
1.205647029234564
1.262400080162952
1.105970742149717
1.026127509833688
1.306806648290316
1.135576551264884
1.363088895915451
1.337238659069605
1.439018391656975
1.196938798147993
1.343476081256508
1.217830129705243
1.218649384798798
1.071854811785945
1.292308784777476
1.091258636854977
1.038336215610791
1.238464234350865
1.327430108983394
1.208858260119448
1.138584642613328
1.315196157686484
1.275183569783867
1.187873634341947
1.161128227446021
1.111716103920301
1.179614420257981
1.324337403013001
1.199081582264719
1.171592337468131
1.141366340658094
1.226657258584126
1.034210481831070
1.324909620286133
1.254301447513406
1.186062044972309
1.328145435124368
1.188527391111451
1.336445164404958
1.127273170754908
1.277062481524899
1.025098685281068
1.113942263281596
1.091500525187561
1.074462538900682
1.026917207720694
1.086275832579638
1.148688718230839
1.155567036200174
1.153365848331208
1.251720406566858
1.189381586790110
1.209199277545153
1.151771399163714
1.230772600700676
1.116177865864828
1.205852518516977
1.026783910381257
1.096189329542575
1.143687592081336
1.439249179695804
1.179072415118504
1.292823962782623
1.364881900023909
1.284835179702004
1.209393774140278
1.192267296982534
1.296144223133178
1.094830386600459
1.031698684142957
1.139297203196238
1.240806197289753
1.233943113019235
1.227984548739339
1.277370385724741
1.295400033393721
1.130788141443430
1.178225827127751
1.126543672164135
1.221362165047005
1.250669425671117
1.224705684992222
1.197389667020974
1.209038882123692
1.309478060143454
1.195232705755211
1.401383322151172
1.156088163203316
1.149529530050564
1.099738507421005
1.339928522132479
1.159803438443743
1.233696037435300
1.226233245134754
1.413512433163700
1.155862486297294
1.037817142454228
1.196843594663755
1.068525965129179
1.164904104381990
1.045300455896126
1.201058780370346
1.099129909705810
1.210087984244517
1.325985758561089
1.275433818662573
1.399534783044065
1.238990478282512
1.220166760610866
1.177089843505286
1.207060257039830
1.109061282097396
1.072236726491744
1.196606868227402
1.256757108067541
1.112250747106984
1.299744536490223
1.215537429489620
1.336000214430620
1.336579180212995
1.118919709314538
1.189236567682741
1.206547933876486
1.356635171654665
1.172744424071085
1.182827127300274
1.186410833340092
1.240254641503597
1.074180528793059
1.151676128395242
1.117402164779267
1.250876166438833
1.126494951779017
1.159169683731686
1.287170865094108
1.059259418969322
1.184090773738853
1.374190575006956
1.147793731418203
1.200546302733887
1.298201777268488
1.085695122563159
1.111996673491066
1.046248691023206
1.013986795063116
1.082098720617806
1.337892227177360
1.298113471540157
1.097392894681066
1.197186185241556
1.141367855940430
1.414748320688197
1.081885290382116
1.215975920600032
