1.169
1.25278
1.16606
1.18846
1.20113
1.18758
1.16518
1.21882
1.19138
1.17561
1.16023
1.22703
1.19817
1.22639
1.25015
1.2362
1.21124
1.18461
1.24771
1.18139
1.19104
1.19334
1.21241
1.19168
1.17806
1.22116
1.19886
1.19536
1.19079
1.19857
1.19622
1.20621
1.22389
1.18427
1.19534
1.20303
1.21033
1.23399
1.18415
1.18749
1.18906
1.20584
1.21276
1.18579
1.20048
1.15966
1.17166
1.20195
1.25732
1.21013
1.22018
1.20187
1.17648
1.23786
1.16838
1.1805
1.17936
1.1823
1.22217
1.19639
1.19807
1.17825
1.22132
1.20888
1.1869
1.2055
1.2268
1.21275
1.17052
1.21881
1.1791
1.20909
1.21252
1.22432
1.20526
1.19196
1.18792
1.1778
1.2161
1.22389
1.22658
1.19535
1.18466
1.19364
1.21259
1.22038
1.2349
1.20686
1.19035
1.22108
1.23796
1.21588
1.19556
1.21779
1.22278
1.20837
1.17623
1.19239
1.18588
1.22946
1.19426
1.20101
1.2064
1.18326
1.17543
1.23108
1.21039
1.2412
1.20752
1.19249
1.22862
1.20182
1.20395
1.21784
1.19905
1.16313
1.2175
1.17197
1.22784
1.25054
1.22589
1.20837
1.20597
1.19572
1.24163
1.21925
1.22388
1.19636
1.20148
1.18684
1.24741
1.20338
1.20121
1.17906
1.24262
1.21817
1.19581
1.2324
1.2097
1.239
1.15434
1.17325
1.2023
1.18227
1.22769
1.18352
1.13408
1.20419
1.21876
1.22217
1.24284
1.25074
1.15982
1.20006
1.18034
1.20661
1.17729
1.2129
1.20615
1.19961
1.19264
1.17691
1.199
1.18962
1.18585
1.23358
1.2108
1.21878
1.21856
1.17809
1.16592
1.25032
1.20467
1.20254
1.19362
1.18719
1.17823
1.18364
1.20722
1.18978
1.15972
1.22934
1.22405
1.20085
1.13714
1.23364
1.17595
1.18681
1.20687
1.23535
1.19105
1.22718
1.21204
1.22352
1.20045
1.15761
1.22796
1.19219
1.19525
1.23824
1.23034
1.21867
1.22211
1.22193
1.21455
1.22153
1.16431
1.20047
1.19696
1.1942
1.22462
1.19151
1.22086
1.20021
1.21179
1.24162
1.1981
1.20255
1.22853
1.21
1.15435
1.22252
1.22729
1.18256
1.20314
1.17371
1.23483
1.18266
1.21536
1.2081
1.1868
1.21591
1.18494
1.20439
1.18533
1.18435
1.16804
1.15853
1.21842
1.21968
1.21517
1.22496
1.19418
1.17755
1.19568
1.23046
1.18341
1.21093
1.20042
1.2115
1.17333
1.19591
1.2065
1.18976
1.18758
1.20651
1.17127
1.21485
1.18831
1.23211
1.20198
1.20048
1.18406
1.19751
1.19199
1.23265
1.21784
1.15549
1.15818
1.18531
1.21298
1.19746
1.22235
1.19466
1.2213
1.24351
1.23614
1.18569
1.22816
1.2177
1.22934
1.19917
1.16924
1.21409
1.21391
1.20835
1.2043
1.17529
1.21084
1.17885
1.2111
1.21187
1.17222
1.18662
1.2069
1.2231
1.18663
1.165
1.2282
1.22088
1.21213
1.19964
1.17305
1.17845
1.2128
1.17297
1.19943
1.19144
1.20664
1.2181
1.21902
1.15768
1.185
1.15258
1.19625
1.18644
1.22709
1.17856
1.21549
1.19487
1.17616
1.17609
1.20781
1.24598
1.2338
1.16257
1.19228
1.1624
1.17897
1.19767
1.26125
1.16917
1.15814
1.20388
1.19402
1.19053
1.2002
1.17578
1.21455
1.21448
1.20149
1.20919
1.19144
1.21657
1.16561
1.17335
1.16459
1.22874
1.24505
1.22013
1.21927
1.19452
1.18506
1.19785
1.17165
1.21363
1.23282
1.20919
1.20827
1.19522
1.19487
1.20217
1.24086
1.2008
1.17861
1.20575
1.19849
1.21589
1.2162
1.19241
1.20887
1.1914
1.17573
1.20739
1.19216
1.20136
1.19781
1.18695
1.19203
1.20289
1.16745
1.18911
1.19297
1.1937
1.20447
1.19448
1.20506
1.22502
1.20278
1.20249
1.19343
1.22669
1.13344
1.18932
1.20328
1.15573
1.2121
1.23547
1.22082
1.21562
1.15837
1.21281
1.17441
1.24957
1.23549
1.23081
1.21746
1.2134
1.22236
1.23434
1.16695
1.22252
1.21221
1.20639
1.20307
1.21859
1.17554
1.22514
1.20823
1.19788
1.21235
1.21675
1.22459
1.20613
1.20029
1.19596
1.22133
1.21934
1.19442
1.15844
1.18819
1.16255
1.24116
1.18431
1.21129
1.22789
1.19068
1.18968
1.15096
1.19856
1.18942
1.18218
1.23014
1.20546
1.17465
1.21594
1.17997
1.15736
1.18343
1.17853
1.2284
1.17505
1.23045
1.18869
1.21121
1.19047
1.1345
1.18134
1.15125
1.2111
1.2149
1.16738
1.18037
1.20849
1.17864
1.18349
1.22813
1.20153
1.23623
1.20024
1.20374
1.22625
1.19475
1.17248
1.20091
1.19594
1.23108
1.245
1.16584
1.21804
1.23789
1.19315
1.24153
1.20128
1.18257
1.21379
1.20204
1.18186
1.21439
1.21638
1.19465
1.20285
1.17888
1.17679
1.17632
1.17413
1.21721
1.22455
1.18486
1.18047
1.19169
1.21403
1.18646
1.18561
1.16138
1.19522
1.22807
1.21575
1.23042
1.21221
1.21641
1.19315
1.19858
1.2102
1.16307
1.21387
1.20867
1.2308
1.22761
1.20893
1.19427
1.21335
1.22973
1.17372
1.21565
1.24203
1.17947
1.21243
1.23179
1.19174
1.18433
1.19992
1.18765
1.1876
1.26303
1.18776
1.17251
1.24287
1.20484
1.2033
1.21213
1.17177
1.20069
1.16324
1.21256
1.17958
1.22152
1.15717
1.22036
1.21449
1.18812
1.18386
1.19415
1.18173
1.21214
1.18006
1.14052
1.18655
1.2187
1.2233
1.17543
1.25394
1.19706
1.17952
1.21976
1.21438
1.21103
1.21041
1.23659
1.15237
1.15937
1.23354
1.24775
1.18904
1.23045
1.20536
1.21967
1.20615
1.21045
1.18603
1.23223
1.22962
1.22977
1.20017
1.21116
1.23588
1.22637
1.21563
1.23556
1.18804
1.20248
1.18363
1.22497
1.17203
1.21513
1.20371
1.22095
1.19145
1.19669
1.20653
1.25206
1.18773
1.20312
1.22233
1.19361
1.23986
1.18281
1.24155
1.21795
1.24758
1.23521
1.22021
1.24102
1.197
1.16113
1.21911
1.20815
1.16017
1.20022
1.16794
1.20918
1.23102
1.21319
1.23042
1.23127
1.22111
1.18905
1.18413
1.20955
1.22315
1.20509
1.19719
1.17167
1.19355
1.21705
1.14226
1.14918
1.20805
1.17121
1.19514
1.20605
1.21992
1.18173
1.20949
1.20435
1.23037
1.24043
1.22239
1.19754
1.26398
1.21657
1.16536
1.21737
1.21592
1.23085
1.18282
1.19756
1.20333
1.19348
1.22295
1.16376
1.16912
1.22244
1.1952
1.20684
1.22687
1.1913
1.20758
1.18131
1.21442
1.17257
1.20259
1.18538
1.18656
1.20617
1.17326
1.18669
1.24252
1.16318
1.19128
1.22223
1.17075
1.25949
1.23757
1.21063
1.1874
1.20661
1.19368
1.19042
1.21219
1.20997
1.18396
1.19031
1.17516
1.18026
1.18364
1.24751
1.2131
1.23283
1.2401
1.21978
1.20784
1.18068
1.20842
1.19255
1.17652
1.2106
1.20708
1.19922
1.19633
1.19011
1.2215
1.18568
1.25656
1.17744
1.21058
1.22009
1.18514
1.20366
1.21173
1.21651
1.19944
1.20992
1.24435
1.18412
1.21039
1.23223
1.22692
1.20345
1.16302
1.21645
1.21503
1.18289
1.1628
1.18186
1.20706
1.21395
1.21685
1.20815
1.18708
1.20683
1.19257
1.19343
1.22925
1.18523
1.23118
1.20433
1.22288
1.17886
1.21469
1.18137
1.20995
1.18973
1.21012
1.18049
1.24056
1.2024
1.16749
1.16541
1.20981
1.22362
1.17253
1.168
1.20423
1.23785
1.16979
1.16751
1.23575
1.14635
1.17846
1.22911
1.18332
1.1342
1.17876
1.20551
1.16257
1.20397
1.259
1.17359
1.15314
1.20054
1.23802
1.20464
1.18295
1.19147
1.18068
1.17611
1.19643
1.21631
1.17549
1.20127
1.22591
1.21848
1.17591
1.23903
1.19775
1.16588
1.23403
1.16177
1.20557
1.22958
1.16004
1.18364
1.22311
1.20467
1.19759
1.19801
1.18713
1.19726
1.17886
1.25098
1.23893
1.22473
1.18475
1.19673
1.16835
1.21317
1.21873
1.17418
1.18039
1.192
1.20581
1.20643
1.21669
1.18585
1.18399
1.17479
1.223
1.2052
1.20333
1.2307
1.22031
1.19747
1.23822
1.19757
1.2285
1.23768
1.22035
1.20425
1.1939
1.19572
1.21269
1.20813
1.21251
1.17933
1.21984
1.2191
1.21846
1.2539
1.18694
1.19298
1.19535
1.19797
1.20893
1.18329
1.13997
1.21527
1.20685
1.15389
1.20371
1.17587
1.22229
1.23148
1.22887
1.18436
1.18246
1.19492
1.23103
1.18214
1.19097
1.18067
1.21756
1.20558
1.20027
1.18427
1.21218
1.18822
1.22476
1.19613
1.19692
1.22757
1.20367
1.19549
1.16479
1.21923
1.20212
1.21206
1.18648
1.1788
1.20688
1.18855
1.23802
1.21843
1.21168
1.20872
1.20689
1.20557
1.23408
1.19112
1.23132
1.19836
1.19462
1.20834
1.20427
1.17263
1.20513
1.19027
1.18559
1.20517
1.21061
1.20772
1.20866
1.19475
1.22019
1.19165
1.17402
1.16591
1.18296
1.21748
1.20613
1.22683
1.19956
1.22235
1.21434
1.21955
1.16414
1.17167
1.21483
1.22186
1.20898
1.21469
1.21612
1.23049
1.19214
1.21782
1.21396
1.23479
1.22161
1.19964
1.16601
1.1871
1.22393
1.23992
1.22083
1.162
1.18275
1.19463
1.17069
1.19369
1.16654
1.18942
1.16963
1.24191
1.20628
1.21474
1.20674
1.22481
1.21003
1.18866
1.18445
1.19225
1.19654
1.21778
1.18867
1.19402
1.22916
1.20767
1.19595
1.23329
1.17806
1.18203
1.22789
1.21084
1.19425
1.20092
1.20506
1.19161
1.21975
1.17405
1.2095
1.22839
1.19053
1.23057
1.21169
1.17443
1.19536
1.18819
1.21235
1.22518
1.2027
1.22742
1.1795
1.20552
1.19529
1.17559
1.19102
1.13209
1.20375
1.22052
1.2548
