1.10801
1.1468
1.30182
1.05624
1.18889
1.25574
1.21787
1.18087
1.211
1.2313
1.17931
1.24514
1.15413
1.14467
1.29544
1.32585
1.19333
1.15895
1.16833
1.17235
1.21569
1.14927
1.25976
1.31873
1.13057
1.28088
1.20475
1.17998
1.20886
1.18323
1.20181
1.19944
1.22664
1.18169
1.25481
1.08394
1.16735
1.15215
1.07231
1.19482
1.01505
1.2482
1.16103
1.1602
1.3129
1.17759
1.14501
1.28721
1.24646
1.30447
1.22359
1.2058
1.14598
1.20016
1.12204
1.33816
1.24536
1.31244
1.14846
1.30852
1.14658
1.19072
1.206
1.14
1.1662
1.25138
1.26813
1.23526
1.24887
1.1748
1.15426
1.16603
1.27797
1.24301
1.25545
1.27077
1.23846
1.17992
1.21308
1.12539
1.19239
1.09325
1.28193
1.2074
1.1936
1.29571
1.238
1.29737
1.23692
1.22076
1.26397
1.26068
1.18326
1.22376
1.19806
1.22519
1.17328
1.26285
1.24721
1.13129
1.19472
1.1982
1.13924
1.20716
1.10475
1.17693
1.09364
1.24493
1.1705
1.18443
1.33107
1.07668
1.10698
1.14702
1.24415
1.17013
1.29041
1.22589
1.19205
1.17338
1.22328
1.30697
1.29695
1.10174
1.28575
1.18664
1.23527
1.21496
1.19643
1.12822
1.24757
1.24328
1.08785
1.17533
1.12042
1.16119
1.16598
1.1801
1.19138
1.2587
1.17871
1.25965
1.11995
1.18952
1.14871
1.14942
1.22236
1.22477
1.23873
1.21096
1.12013
1.23724
1.15963
1.14387
1.14989
1.12734
1.15291
1.16138
1.13115
1.1609
1.09394
1.2498
1.12138
1.18494
1.1573
1.33095
1.18143
1.23089
1.2111
1.14496
1.18255
1.1311
1.20586
1.19503
1.21822
1.12303
1.13666
1.24852
1.28971
1.28286
1.24269
1.29001
1.25159
1.17111
1.12123
1.21224
1.24563
1.06513
1.18318
1.16557
1.21199
1.22438
1.18872
1.26566
1.26781
1.25007
1.1806
1.16292
1.11466
1.14681
1.16115
1.26156
1.28641
1.33706
1.12063
1.16839
1.30872
1.25196
1.13092
1.30981
1.12541
1.22735
1.33428
1.32627
1.13599
1.19963
1.2286
1.17234
1.16198
1.18367
1.21069
1.14428
1.0769
1.26449
1.2186
1.22948
1.24384
1.19686
1.14669
1.26946
1.23204
1.21959
1.26261
1.16087
1.23582
1.06831
1.07921
1.24854
1.16862
1.21107
1.35442
1.25878
1.19935
1.16309
1.17469
1.18549
1.11004
1.14305
1.196
1.18184
1.21028
1.20534
1.16474
1.11548
1.23722
1.18954
1.22606
1.16378
1.17304
1.252
1.18693
1.15019
1.15461
1.19421
1.18555
1.18708
1.29315
1.15519
1.20239
1.12148
1.15914
1.19937
1.20577
1.24986
1.17493
1.06609
1.17309
1.1192
1.22166
1.30382
1.21971
1.17088
1.21339
1.17804
1.25002
1.15983
1.24013
1.17228
1.0975
1.10785
1.25667
1.14448
1.19246
1.21291
1.26675
1.22887
1.02007
1.21885
1.16098
1.16978
1.30908
1.27803
1.1987
1.16725
1.15597
1.23805
1.08578
1.30065
1.19305
1.21264
1.30102
1.14837
1.09546
1.15017
1.30722
1.23292
1.11425
1.25279
1.18707
1.25151
1.1412
1.34054
1.2209
1.22164
1.2428
1.16394
1.21074
1.13699
1.21695
1.18973
1.25172
1.12744
1.18259
1.2129
1.08525
1.16601
1.17445
1.17738
1.09095
1.16404
1.25041
1.25609
1.17042
1.13619
1.30447
1.20933
1.22971
1.17613
1.15694
1.19058
1.13961
1.20603
1.33405
1.11458
1.19088
1.21166
1.25504
1.19633
1.20889
1.2193
1.29821
1.23799
1.23669
1.22049
1.19632
1.04626
1.17643
1.20627
1.21079
1.27987
1.15372
1.22501
1.1687
1.14911
1.21453
1.33752
1.13593
1.16974
1.1858
1.18174
1.1671
1.30514
1.13385
1.22626
1.23083
1.24046
1.11962
1.21914
1.27969
1.125
1.27958
1.09103
1.23723
1.14789
1.19006
1.22905
1.16784
1.28082
1.17872
1.25925
1.07058
1.21693
1.23556
1.13677
1.20301
1.06552
1.22698
1.22967
1.14043
1.10453
1.17447
1.23815
1.26021
1.21735
1.31242
1.13995
1.28871
1.10337
1.23923
1.12207
1.23556
1.21372
1.19413
1.2212
1.09151
1.21787
1.12833
1.2347
1.15668
1.1919
1.18889
1.18942
1.12053
1.25042
1.14628
1.23963
1.42731
1.20799
1.22358
1.24387
1.269
1.29264
1.16865
1.26561
1.22644
1.18571
1.14689
1.20222
1.21135
1.18338
1.19752
1.15888
1.31239
1.17701
1.24643
1.24266
1.14263
1.20054
1.18647
1.2928
1.1482
1.27677
1.22232
1.25317
1.13688
1.16925
1.24286
1.16491
1.3093
1.16123
1.29925
1.09407
1.17582
1.21562
1.22815
1.27204
1.31446
1.14777
1.08509
1.22853
1.23491
1.22128
1.16754
1.29936
1.16211
1.2219
1.10284
1.24835
1.32866
1.19656
1.21206
1.20937
1.19147
1.26706
1.22138
1.19939
1.12868
1.16958
1.29211
1.2024
1.17499
1.22373
1.21767
1.18714
1.20968
1.02967
1.2035
1.20528
1.14749
1.12153
1.18441
1.22154
1.11319
1.26549
1.06574
1.22587
1.15551
1.19589
1.15027
1.18186
1.18185
1.17736
1.16249
1.2783
1.15611
1.13995
1.14309
1.31007
1.31242
1.17674
1.09981
1.22081
1.30037
1.20225
1.17055
1.13743
1.21804
1.30476
1.1148
1.22675
1.19173
1.15362
1.12919
1.23206
1.1251
1.23882
1.19735
1.14244
1.22607
1.15117
1.12536
1.11934
1.14866
1.19675
1.09213
1.13472
1.28429
1.13712
1.17857
1.09833
1.20591
1.28149
1.0554
1.27473
1.0889
1.23777
1.2059
1.23701
1.10373
1.19041
1.16233
1.17258
1.09252
1.0851
1.2366
1.2489
1.27686
1.14309
1.13687
1.25081
1.18121
1.18236
1.22298
1.10753
1.12681
1.11294
1.16147
1.16292
1.19556
1.11943
1.20563
1.29062
1.15702
1.08806
1.11708
1.26174
1.2808
1.29174
1.17748
1.12559
1.22753
1.1525
1.21575
1.17699
1.21217
1.16641
1.12182
1.21178
1.19062
1.06295
1.2047
1.18089
1.24974
1.25302
1.14138
1.17341
1.2801
1.14817
1.19582
1.2613
1.17216
1.25747
1.26797
1.28806
1.22892
1.23015
1.11014
1.27055
1.18334
1.21994
1.23055
1.1589
1.21195
1.21073
1.19713
1.11809
1.22047
1.16411
1.18679
1.25619
1.16744
1.31159
1.20016
1.19844
1.06074
1.35043
1.21551
1.2816
1.2609
1.21261
1.21096
1.2723
1.17771
1.24841
1.17275
1.22074
1.18887
1.13418
1.17419
1.21575
1.2362
1.21276
1.20483
1.25686
1.2808
1.22168
1.38784
1.10191
1.14041
1.1546
1.13119
1.11909
1.17871
1.1875
1.21937
1.1027
1.29613
1.20466
1.2036
1.1275
1.21205
1.23136
1.21674
1.18032
1.15191
1.26245
1.07688
1.03051
1.11889
1.16056
1.16262
1.23743
1.17578
1.23044
1.11615
1.22529
1.23015
1.25878
1.11425
1.07743
1.23624
1.07013
1.22368
1.3032
1.08496
1.20535
1.15539
1.16161
1.29838
1.36377
1.21353
1.08326
1.09835
1.19396
1.12584
1.21227
1.16749
1.24527
1.22815
1.16711
1.14988
1.15349
1.13005
1.17263
1.10528
1.26028
1.27837
1.26566
1.18072
1.12774
1.22771
1.16392
1.2128
1.17545
1.28987
1.26395
1.0977
1.18415
1.31362
1.21126
1.20164
1.29996
1.2101
1.20024
1.2389
1.21834
1.04845
1.28837
1.19711
1.15769
1.2385
1.17188
1.09967
1.19483
1.10313
1.23475
1.15242
1.24462
1.2811
1.21664
1.24815
1.16646
1.2631
1.21078
1.1716
1.27708
1.15693
1.21383
1.16753
1.18024
1.28159
1.17232
1.20888
1.10029
1.24716
1.20909
1.27743
1.13216
1.07422
1.16774
1.09952
1.24575
1.27834
1.35233
1.10866
1.25607
1.20965
1.26822
1.18004
1.19618
1.14754
1.22161
1.2645
1.24649
1.26736
1.1865
1.24473
1.23356
1.18893
1.18836
1.22869
1.23898
1.31417
1.14421
1.30064
1.19546
1.29329
1.15997
1.13117
1.10928
1.14276
1.26807
1.29113
1.12667
1.18627
1.18848
1.14974
1.21149
1.25456
1.14625
1.21601
1.23102
1.29785
1.09889
1.0946
1.10406
1.26697
1.0939
1.23628
1.1505
1.23433
1.20717
1.26941
1.21066
1.23417
1.22113
1.18351
1.12744
1.14721
1.16948
1.14989
1.18177
1.21979
1.2082
1.32052
1.23189
1.25684
1.19919
1.24664
1.11679
1.15127
1.27658
1.10984
1.17928
1.17949
1.30249
1.16666
1.17583
1.26265
1.21503
1.24812
1.14917
1.30404
1.21845
1.10393
1.22013
1.12623
1.15295
1.15602
1.2743
1.24625
1.20028
1.22012
1.2794
1.16235
1.22482
1.17622
1.09074
1.30837
1.22457
1.09807
1.22608
1.13885
1.23675
1.16451
1.27427
1.19872
1.24185
1.2281
1.16197
1.26947
1.18443
1.21058
1.19646
1.18307
1.14535
1.2022
1.29974
1.11611
1.17456
1.18104
1.06438
1.13288
0.992402
1.15217
1.14632
1.19816
1.18572
1.20452
1.29151
1.32863
1.25948
1.21462
1.18403
1.10304
1.23715
1.26888
1.18588
1.06142
1.1326
1.17444
1.2213
1.31305
1.09983
1.23606
1.23415
1.19114
1.23778
1.19449
1.18524
1.17123
1.29566
1.29309
1.10434
1.3375
1.23917
1.12155
1.2646
1.13937
1.35415
1.21273
1.29717
1.28839
1.2294
1.15532
1.24022
1.21583
1.23082
1.24784
1.23522
1.26486
1.24117
1.25814
1.28561
1.24313
1.15943
1.21374
1.21478
1.25315
1.28487
1.2264
1.23216
1.34989
1.17609
1.16865
1.25597
1.31914
1.05934
1.17733
1.22449
1.21745
1.3363
1.13571
1.20949
1.23563
1.28942
1.19751
1.38168
1.13682
1.14902
1.19559
1.22335
1.2022
1.20285
1.17904
1.18574
1.32973
1.24989
1.1632
1.20945
1.32878
1.19032
1.19274
1.29193
1.2346
1.27129
1.13201
1.22931
1.24105
1.1589
