1.195722799192781
1.186529743098271
1.177118808342174
1.221355610525925
1.214027025596635
1.189334325005264
1.207964862875704
1.200701538779812
1.194244090980590
1.206596197697938
1.212148863901386
1.195514528057312
1.217319091950427
1.191494274033937
1.172806206531913
1.193566222810836
1.198970944118467
1.193182166762041
1.194477658740649
1.208555482537238
1.204472359018013
1.227303366339926
1.217096397424367
1.198459595125949
1.199343234764733
1.183104530404074
1.212959979221744
1.219594954953546
1.195351479932191
1.229457373770849
1.208875136435566
1.228250978478886
1.194935782048638
1.216318561257866
1.203146942387568
1.166035068460205
1.185334388391494
1.237656676080067
1.187902064031826
1.210351863397548
1.189513352452484
1.213384387683411
1.224434055166622
1.204947162428852
1.205305243258631
1.199143083392782
1.187892000165456
1.223937250291261
1.186512137614718
1.196788308984304
1.213878804481811
1.195382448618864
1.186282211473161
1.217841639159854
1.215111157235154
1.208204182562991
1.193333162558695
1.208272117654701
1.196573537835661
1.178581089872922
1.189128119057966
1.226185369167024
1.186945742872782
1.188761305917545
1.201704787315912
1.192539032845625
1.205403602646185
1.180428576012221
1.240052791907713
1.224960761041050
1.192511825089329
1.203684672076274
1.201406788144183
1.199411474823158
1.204167389103064
1.189254479136020
1.200153750285651
1.174291746485606
1.179275698632926
1.224764619394573
1.205485176181025
1.200314079880066
1.211759768902185
1.172921084703593
1.186805837624750
1.201597040411695
1.184405999091309
1.226272450197082
1.188963085794649
1.230408132502946
1.187809795283411
1.197331039832694
1.220531160345474
1.193577553560138
1.192330887478942
1.178400717607852
1.222037020308886
1.190488897928132
1.174806335825749
1.214475708823651
1.203437913155800
1.216593782067265
1.219372868228484
1.220527675272645
1.188305634012065
1.222745681680413
1.215356334499679
1.179011025229386
1.227898887697384
1.186782325425888
1.217326105636487
1.177783115711221
1.193644157234209
1.221201096000921
1.165566374861177
1.187811573865420
1.210256153585326
1.227005069797343
1.189415302139632
1.215525507633550
1.207534011619103
1.187561175645511
1.209945165512012
1.190623740372387
1.201323552183426
1.203479742894838
1.198596658937688
1.215931854278127
1.204486909682035
1.219754030478027
1.181192660903938
1.211396556980438
1.192419051978096
1.200952800266618
1.206120955901328
1.195555997174508
1.200831400260445
1.215363098064557
1.182584769369279
1.183839310144865
1.195901863646363
1.219643326344584
1.204178069933399
1.223517604073448
1.213089231311993
1.217725279006672
1.240861638776950
1.215351854187111
1.202287433793723
1.197330352412526
1.241389235045667
1.230696653702848
1.233278850686217
1.185789504905014
1.186417059310660
1.234975153666678
1.204071605115172
1.205674811707898
1.182211727672858
1.183143285155778
1.207050276046535
1.227505781945937
1.221836645855774
1.233038264227193
1.205825415108360
1.179439275143515
1.218694828875143
1.176814939955215
1.199183883312772
1.188832690296776
1.212842331882704
1.208698115082146
1.179192498826592
1.187239623926244
1.224886705908671
1.183805839670654
1.202963660695129
1.202769013789394
1.215859477853938
1.218785009278013
1.209153262392797
1.212576124292889
1.197857778122976
1.187052030024316
1.192620529331032
1.203327769531901
1.205754425878695
1.181370346125306
1.199146696724974
1.181212496738719
1.190744129963558
1.213485947887936
1.186204134193920
1.168156503358697
1.190648857184676
1.206035287314127
1.181425756443373
1.210856378565774
1.201736782926646
1.190310869017291
1.189921148783532
1.198289533824197
1.230044112576443
1.194698688638939
1.190677209860606
1.219782185424499
1.192046292923776
1.222531181328872
1.218016399700583
1.214251713709461
1.200493774521138
1.222444470766245
1.191145837635524
1.191534228256091
1.195096899664478
1.221363363028315
1.184243433109813
1.181741296386781
1.198604313956021
1.205292869358055
1.194557151186746
1.202177455598026
1.206409664548479
1.229640348861514
1.235328166272542
1.189432595802780
1.199825538819282
1.232050783443335
1.201576670726407
1.203137052208037
1.210031676393823
1.190805494912383
1.219051667771822
1.220074799007645
1.198093050151322
1.209770607510011
1.181861875685066
1.193882015808489
1.206279456122533
1.190722984509667
1.201565671065775
1.209631255609473
1.196537506402686
1.197663305810580
1.181625556800988
1.193859653487048
1.190201704051858
1.221166319635796
1.181852687251309
1.215254734594425
1.225939724399736
1.180747948870685
1.189767433944373
1.202354835583675
1.207745482541881
1.209466099157539
1.198890495869908
1.193293046283582
1.210774637949185
1.205688002462653
1.176917952493265
1.185516809463424
1.173864307299683
1.196594301766978
1.201610479927095
1.208302273159114
1.193804815927874
1.185524838551439
1.183048083896085
1.188729188562474
1.201737922064687
1.207879588433021
1.184803239585073
1.250114304726734
1.198876648814708
1.225609124264620
1.175477458516427
1.222008983029857
1.199858844246281
1.202712852952435
1.212281062888822
1.202023978406320
1.199440580524132
1.202626108715630
1.204088210735862
1.226504384123434
1.201265509057792
1.216058039442550
1.219994323876793
1.193162179547409
1.205517045963475
1.228512000925629
1.201149933491139
1.228642857357378
1.202262918092386
1.180725877260358
1.210617709550827
1.193887381905698
1.205287752920903
1.198464365876690
1.218237520253869
1.199507898699581
1.202905206558437
1.213475222320684
1.211161618021600
1.208864543919699
1.191151336626601
1.225193271595165
1.194974347827606
1.182124908967835
1.188677964956145
1.203728248002706
1.208912296218860
1.215791714480164
1.235066781006038
1.211664208784635
1.198612926119134
1.218449336933533
1.168432654941896
1.195680535851260
1.174586664489603
1.211665743007901
1.190804020789220
1.237459363309947
1.200158458992238
1.195076828324019
1.191892478646246
1.173596274888525
1.174614371016915
1.188277329050145
1.222760308856141
1.220878967446130
1.183728804513112
1.157890807646012
1.199196080117291
1.203713604027385
1.205185697546800
1.208046058010551
1.207638768549796
1.213019751064664
1.197838834453606
1.208966074163313
1.193931006611427
1.224707300800497
1.188295614387524
1.211620067486729
1.180610626747896
1.187367026165418
1.197244814599399
1.160005741334784
1.202538616925480
1.228682299243345
1.234217282056049
1.187749495489906
1.211768023435360
1.220286129247804
1.210979667056379
1.196022916012091
1.198830819335008
1.217279638409715
1.207268985110286
1.167318043761117
1.210472274040713
1.191278091200804
1.221109601666533
1.189938069612517
1.196734470363849
1.197603086343687
1.207637144360952
1.179508515041527
1.204545538147149
1.193497863406116
1.199169436246711
1.201265807985486
1.237952011756946
1.168400825624535
1.174905187322512
1.220466068408036
1.203879575053514
1.209851929503608
1.169256917934280
1.235651444147835
1.210798930246797
1.191354481344172
1.197497183826819
1.223592300859008
1.210112546585028
1.186727701084479
1.184726676745215
1.187245952567798
1.198099919999678
1.236173012265756
1.185338713861054
1.187414250032082
1.217099010757595
1.214023373626385
1.212821189313960
1.204518212085554
1.189472730692156
1.214166073908442
1.192077430026909
1.196382879508373
1.205377478427205
1.195241259263443
1.211753979722279
1.233320027959471
1.204171903573286
1.197295894504970
1.205074702151560
1.213391064521098
1.207872784923791
1.205450030672950
1.197295109732785
1.211810282974844
1.218261369003810
1.192414522387302
1.224768402447994
1.206848788672327
1.202478404407490
1.210673927383072
1.191161030003423
1.200307030933434
1.197868739721793
1.180193272393215
1.201378405060311
1.191394814794490
1.196268714324656
1.183525219848550
1.210484904282784
1.202233142879559
1.191453282068098
1.224729238252730
1.203764983922143
1.222601486790071
1.206392131903661
1.206364356735787
1.215979253079152
1.219353253042323
1.173887650827353
1.235450053127595
1.187840699611349
1.217890796907877
1.196424744378819
1.202799275730213
1.189491139690945
1.204667138572376
1.212932037807872
1.225787269251793
1.232284631143957
1.190549413229892
1.230774672265924
1.204428700394984
1.242063876669936
1.235998379042439
1.156327562513981
1.199062272053181
1.200918785070000
1.227212396428573
1.230264778961207
1.207574942985223
1.199231924028412
1.229102109505060
1.229706354218925
1.228652738504158
1.192101084519684
1.183159591970652
1.223152802400649
1.220654933506470
1.186257993260559
1.195279511601928
1.179753570860305
1.216741321021013
1.172167261812311
1.186314120669725
1.231201871348749
1.203347594379521
1.227190600696861
1.191555406551428
1.198246425371711
1.199875584921220
1.222671790618896
1.236894223523500
1.209222444906135
1.205413128082784
1.175671438088291
1.224672985091389
1.190068976677631
1.212605339067153
1.207457090253902
1.208194210006211
1.207482028817983
1.181951592881525
1.191216541421080
1.175196888296394
1.199923466307635
1.232760371444479
1.201067678762491
1.212318713890409
1.197754817217183
1.194973563708508
1.214039138300604
1.215871518021162
1.190570782446509
1.181953653797962
1.194353067053862
1.188656446303179
1.207969744304866
1.191301040403325
1.183820120747742
1.193402152775356
1.190190127162278
1.216589676904272
1.222515632058675
1.201350645868458
1.184959165730394
1.217017589069333
1.215033451285920
1.203028067686246
1.187529635567956
1.199814628414592
1.227124224199375
1.199745475949578
1.205070054914047
1.208422680064656
1.199096778225458
1.225494305955892
1.206018255218965
1.183375592925214
1.225429486219269
1.212885221207496
1.191320257466977
1.227233503195581
1.194329849080934
1.183955514413178
1.180161759395288
1.177374740288870
1.197606466742072
1.181696882989106
1.194608249888956
1.207416152634790
1.209953539920874
1.210123251195205
1.204144914214454
1.209217263775518
1.214724064617296
1.187098709138735
1.222564486525842
1.195287248953767
1.207552585316908
1.207127006822835
1.218070519983530
1.210596155822654
1.186642825690018
1.190592340430013
1.227749532706014
1.221776087583002
1.211002117372222
1.212282353183636
1.212319452014150
1.230304801465654
1.198311922621295
1.214894374344909
1.209870410498342
1.212839320078022
1.220135782216697
1.193933490278831
1.215130038133100
1.199995068833080
1.194083513299387
1.226060982233348
1.179888100878563
1.217542566120030
1.193603684849665
1.197120614868392
1.175633264906944
1.210493241713505
1.204032196063347
1.186804119372405
1.175007104857001
1.190336342253042
1.211565797882527
1.184612089240264
1.186219264060758
1.197151585413459
1.192646046083899
1.217719326722101
1.204512892071297
1.195337080216550
1.209996969653857
1.219557915693506
1.198885037577652
1.188564929666250
1.191309958346291
1.205660150736115
1.216269658524155
1.199594814917007
1.228748927838315
1.213155632776107
1.202751540723976
1.174029598168644
1.174286472359879
1.239472828920615
1.188270543149316
1.227570297388662
1.221054684981478
1.183338882593555
1.249373428965853
1.182916587821180
1.201682777394558
1.207786739591993
1.213904979337284
1.190247065869907
1.186938271796854
1.210316683990613
1.205887675014449
1.191093196575447
1.177344838286361
1.210703574673877
1.207191724392060
1.192914465938697
1.211629049726137
1.190526807635448
1.197549064887849
1.179700628038991
1.211729658027404
1.210957414695557
1.208334996470342
1.189942269956805
1.192206294730889
1.195047631834806
1.188067440645302
1.212149005636359
1.244242983428753
1.249868558639536
1.174125660056027
1.203459901654574
1.203842900091802
1.211990486174115
1.187145118743752
1.185651116618480
1.201337057659278
1.211580241264812
1.187529407788663
1.203673401354962
1.204040933291278
1.183324303525260
1.182440013927808
1.200527418338593
1.193744889107030
1.189123160219471
1.205578340166820
1.225277887269278
1.195678661902975
1.201358060328104
1.205140792215894
1.216862461997186
1.192680292099050
1.224916809199103
1.217909144341974
1.184733857702318
1.194106309298129
1.236660364252031
1.180213626092979
1.187241305005220
1.214606416690651
1.231869236361141
1.169971837719197
1.215592863808816
1.210710659665110
1.185809142310857
1.211096257882407
1.219055937584991
1.208812394617515
1.196017464284129
1.217721114099452
1.228249857157288
1.178578003903428
1.222878058583704
1.175326518159599
1.203752514748434
1.193258031800926
1.195065754543633
1.218312765359877
1.193008828885566
1.233108472408037
1.229896065053015
1.205157883595162
1.199232975032556
1.225892580734653
1.223015279485796
1.202515633224791
1.184995001014416
1.185350324037060
1.188708014352140
1.214577943313933
1.192668201427238
1.178745961380064
1.174252537237496
1.191897007298226
1.203003965804918
1.216351732835703
1.241541986795921
1.209296611578258
1.176362023508418
1.191205323386341
1.204457587972342
1.188053724745270
1.187545402946586
1.213227066994311
1.186137043601888
1.163941112019441
1.206032372078218
1.195438543403671
1.199740749730068
1.192295648933759
1.206839912484848
1.183199060846514
1.197313960087813
1.176842426596101
1.219118597181674
1.191969634606672
1.213961106889497
1.203198822593970
1.200831862199507
1.203153930961353
1.194648642893482
1.189848651936379
1.181504175491255
1.209460349361500
1.200693009763838
1.231913537921595
1.178702048139971
1.182357353998458
1.205976435180628
1.208238955254090
1.177185945434385
1.214205050696865
1.219347300815565
1.213547095981654
1.193327160256477
1.199687463493991
1.209028668941628
1.201030702426478
1.207457632972270
1.224441218923155
1.229991181326916
1.195566800286088
1.214592473035083
1.199262891794085
1.199561523574120
1.205282890354792
1.211324299380429
1.230405070747765
1.232333488022005
1.184612897922763
1.212327453294364
1.200846600619797
1.206658785969395
1.202871652984732
1.200596850601603
1.208973307343790
1.196632256454275
1.224841264308742
1.208530210856315
1.207584340948269
1.197869802515518
1.202240887427674
1.187816661871445
1.174356023000451
1.251470736597588
1.220126452916006
1.185101988358020
1.201960188936834
1.184012528476945
1.201962592813146
1.206655317140420
1.224214068943916
1.210861997682071
1.200284990433071
1.183753766407480
1.195819217599253
1.224050836842940
1.218581207070896
1.212787270812177
1.223727465531575
1.221631882475861
1.214439688445934
1.228956232263708
1.187809678541135
1.221684455230125
1.202338880621454
1.180046391605001
1.180731706175945
1.217222309637879
1.196159526834091
1.231744947014902
1.181816376424689
1.204043288180084
1.190960553666606
1.220998510021347
1.223657854783021
1.228965133640521
1.184187438210163
1.207159649318821
1.211625860272758
1.190542550799130
1.222165125809922
1.194617759933290
1.195115776646436
1.207041315385452
1.194920852106657
1.193551253561362
1.204861053892824
1.213142954559866
1.199950596258847
1.216018960827152
1.224550540866641
1.217973534151603
1.171179597284033
1.220889941416626
1.218165143048937
1.217195875458012
1.201052486299322
1.212050877922420
1.211647288852497
1.227054717461850
1.197965063884709
1.210107142179490
1.198707232202680
1.190033979704202
1.213663670455917
1.203157765686508
1.192867048667480
1.172528276276979
1.200941802261105
1.196697739734156
1.214268913334855
1.203052248366937
1.194517653083534
1.198245088735623
1.213250343169099
1.171474572576128
1.207774517135489
1.187310770389205
1.190645692266794
1.208683113397155
1.178327024648745
1.233609608091201
1.187765757199115
1.199545676476691
1.207048061070383
1.161203750516608
1.205008751546469
1.197640684352241
1.187062698812038
1.188145344289518
1.219747230763335
1.188011923361502
1.211503327144847
1.213146430357120
1.214003996415566
1.190509842202972
1.190540740014575
1.220947700721583
1.233448649801658
1.195807858268449
1.186855726450129
1.186254070154352
1.202135574427243
1.186576758196014
1.215367281672374
1.199682482073660
1.191473724351598
1.212193153088801
1.213195395489232
1.205722541786814
1.207731717969188
1.199912763805811
1.178580172406168
1.239787810330720
1.199317175707129
1.182976173564200
1.217811850652179
1.244229454687406
1.215091489091455
1.179550529618023
1.194393417268553
1.215267617777664
1.192083668757921
1.194021679142584
1.184138137610068
1.197289990853679
1.226142617589854
1.204920359016111
1.205832717818295
1.216560991520663
1.210610750679297
1.192435324289516
1.189403545608314
1.189740584709439
1.206852240567138
1.199573110752699
1.215273732892589
1.150394075869790
1.194643492478786
1.210893571154187
1.225102643428484
1.207366190696570
1.193552795667543
1.191147586909024
1.192063281456016
1.221629082089466
1.204242332151294
1.171866402859636
1.195491016464614
1.204745685310264
1.187399606388074
1.179233842553715
1.215382150197337
1.223757517147544
1.214731407092519
1.185203979116793
1.202744190036049
1.232800714162066
1.229408288362531
1.222311068052369
1.209466115830756
1.215948564052718
1.222233836151211
1.205753922457861
1.196988489582424
1.221962905749261
1.170475850527519
1.197536974400529
1.189388532532485
1.198601036034524
1.210873101486723
1.177290817409954
1.210348188752374
1.189598515900689
1.217890392749871
1.201337492989502
1.223141720463156
1.189788509560746
1.229521706338639
1.197202033995579
1.203168871373635
1.214836461092893
1.207430506444685
1.184419997203395
1.212986030975415
1.192780996101036
1.170542453779905
1.189029294962178
1.188131735441172
1.221712343297493
1.184348919057285
1.214649636487245
1.212864360205899
1.187194819111393
1.211336336015530
1.197462205255596
1.192680893333760
1.208372553706094
1.200419834629752
1.191033388161136
1.172645029332914
1.201684878940609
1.205087326912056
1.229004375050861
1.180632588333543
1.179081973926460
1.209211893516838
1.203446766438353
1.195621604284159
1.220876702355125
1.219438464101800
1.171667558841592
1.214370564452978
1.175181286701431
1.187096222484760
1.209037506745133
1.191635184680356
1.213739150460997
1.194984743213803
1.209642868426664
1.206542275477649
1.226057597676166
1.174304692174097
1.178867303003432
1.229512132256586
1.225897884486304
1.204125520632584
1.170081714483041
1.214991986381428
1.199809911379000
1.189917026270091
1.231532586615813
1.181651132825829
1.195690786983565
