1.137330036179912
1.223783670225246
1.209057585358974
1.245055054878324
1.179469073988929
1.264444883170339
1.172638628776525
1.208192789681447
1.175865210249190
1.096139809686056
1.119756312371681
1.258553916473768
1.233623605178627
1.184241659665820
1.261829429709061
1.156528149482328
1.229062099810581
1.254443803366414
1.288204549751120
1.221556507034145
1.183285138227386
1.280164117107370
1.247811511611589
1.188915161546882
1.262184621067429
1.188588919449228
1.176507749330017
1.190027435889378
1.198252360302381
1.218364463404496
1.252533918853819
1.226220810423836
1.196807711792731
1.156984239509861
1.163291722152598
1.172377696411124
1.174625087248231
1.203185546175773
1.101312167769874
1.152764825669177
1.185789383740845
1.246099553250346
1.177846696966473
1.182919844392313
1.222505296159031
1.275562996215119
1.110664866088383
1.199759683513234
1.241656389577157
1.147597301196936
1.251155378951567
1.151279537997207
1.184366421825350
1.239431124194589
1.236902210213178
1.151435568152384
1.152703828171752
1.251236303267594
1.177999823204833
1.220432218234039
1.212659763158977
1.108042311789280
1.221275673142900
1.159339336866168
1.146941219225529
1.106297090927786
1.187161534455176
1.157870520418814
1.171099023589870
1.282515832862173
1.208538486621272
1.178830966667623
1.138063885892271
1.233876589951306
1.145387453623729
1.281381819446412
1.230212706827509
1.184402500781034
1.222999063030630
1.184890283664117
1.196757212550086
1.159621635034392
1.145427565557138
1.167407891581875
1.199475199732354
1.242396415327577
1.218149644168935
1.176323409822674
1.226809268758785
1.197676035796218
1.219405900172672
1.130239377969804
1.206289655574712
1.201203870512589
1.172845936707040
1.206335177353567
1.252485839674470
1.186920515365152
1.170331577896493
1.215807797703022
1.189202356074784
1.138542439443088
1.139850994449034
1.194122093922858
1.163338213646299
1.121588687353954
1.202240483702061
1.116171128606083
1.208275263026163
1.275813318239025
1.249035803830613
1.169482790847487
1.182949235730534
1.197338865893718
1.221091791416882
1.265321247722138
1.216065062558484
1.180681830539474
1.216795599582944
1.141196716015256
1.213436272731665
1.241130109115471
1.214993497479754
1.214373996420174
1.214227796196203
1.205303177248713
1.156091606084199
1.229226348101843
1.180040576097817
1.198121155704748
1.145544281115287
1.232475632393540
1.185415297479291
1.186974340446163
1.259297560008700
1.170448167371788
1.188681438485954
1.185202397783970
1.207002171238051
1.172212512317231
1.170838021054137
1.219223093786359
1.101780087173353
1.165358120738557
1.191139050328547
1.148585492345608
1.161029022209135
1.178916248092590
1.192338755180996
1.196640145196900
1.150474325093972
1.201204825836897
1.128748575138095
1.192299919207525
1.195593447648828
1.259286593812169
1.198415149617155
1.170700275399948
1.138392021269105
1.185545234197270
1.140857464012130
1.200294375393634
1.207760886740582
1.154930911179379
1.211393582607960
1.200043185361484
1.286557153323543
1.095769739124845
1.181158923452291
1.159220727395616
1.205014748411794
1.111350966137469
1.216551022480435
1.231001234472713
1.219254940241333
1.191232211215978
1.206228993007549
1.211552877579215
1.192064523216112
1.187507344721085
1.126016425428495
1.224606546045050
1.166425491785076
1.178640728428199
1.244510607750210
1.241107321622646
1.248457924831137
1.128477535321488
1.184919439216916
1.279643810705472
1.224197238979645
1.210922352767550
1.228125619662517
1.211417354713424
1.081907934165631
1.212260107964402
1.221480017642175
1.199732734191047
1.240639826741221
1.193293635326982
1.238743802680887
1.199342560212287
1.217341074487244
1.169407130515060
1.166960787138988
1.205571287000933
1.205490655587840
1.198561596236514
1.191647378819329
1.177431641709530
1.270292216179579
1.204289432363056
1.138309319554597
1.244281354579395
1.211498023672187
1.166601601323800
1.155322734114937
1.255810409457525
1.169479942474948
1.162508990730326
1.265775173689002
1.237656610656652
1.302253537271658
1.196313946347832
1.163646422557915
1.123294115845975
1.207476037977466
1.322298674208430
1.213033404682812
1.123920626814270
1.273259857852732
1.181935323089506
1.227835026628774
1.224238012480829
1.231076295405809
1.276046570530894
1.259387420902249
1.266537333605448
1.220748489289529
1.257281868409460
1.222196587744238
1.166695560333761
1.256797196057616
1.289431285376637
1.192782410405436
1.143224872305819
1.228386286488375
1.243055779186438
1.273429545347710
1.154807081862297
1.169128220116808
1.302078060786046
1.312670017387033
1.231772172637235
1.198089289736984
1.157794762343637
1.201584949391827
1.208162442526103
1.186640908601807
1.136855336653845
1.224487860689954
1.173520010576120
1.254410237481503
1.217833655177041
1.197705600594310
1.245582266198676
1.203883506880180
1.153690865360450
1.219706852824186
1.157862803455875
1.210137621075537
1.187605986486143
1.196069352866878
1.160906846363681
1.142154315837473
1.243616181619585
1.227856645980774
1.207627725503881
1.240995052091292
1.212370447933176
1.145168189880513
1.161422754715739
1.192948080343708
1.172727452869245
1.220713433621122
1.226318208869809
1.137755864861491
1.136059819496614
1.200567456137330
1.198449578877042
1.218115578559062
1.130256155885561
1.234941183258917
1.333062061514742
1.230949880544278
1.196149720637300
1.304449196623670
1.291602398394434
1.178130118130269
1.202835940506803
1.258762731778386
1.193540238169476
1.157450911424106
1.235863303641522
1.205265727961806
1.230425090344969
1.194447156802629
1.196608925054802
1.173221220544411
1.264265363667887
1.168756911173053
1.215282420718424
1.241910349277952
1.163879943323852
1.158312052609150
1.132817359063502
1.253715560509312
1.175876225314431
1.180034617499601
1.215032835220158
1.271805416773899
1.185939798412053
1.185916376666704
1.100891440858511
1.196216624219311
1.168682760323650
1.230603335260609
1.155728500216643
1.175456177612676
1.213946902782421
1.146155446490835
1.192394061545361
1.183935234320347
1.213665818924945
1.152953549626247
1.216615980636723
1.212928824263191
1.284172868593571
1.255389591769704
1.219264783932855
1.260033200507406
1.155444272449945
1.168480796943618
1.125684247587682
1.213343910524189
1.276983309327527
1.226372736429731
1.232127429494527
1.130533437764620
1.182284379191805
1.117569612929430
1.171678395771959
1.220142229087661
1.227090744986335
1.236675142821616
1.151736041492474
1.230397958071011
1.165752862534395
1.270068917423262
1.239568466213019
1.236539390280922
1.205877368941709
1.204556661556041
1.238415759873721
1.165976965492939
1.186956851997815
1.149494488056195
1.196094855664198
1.115070954189181
1.263146808318671
1.151052661989393
1.193449814505390
1.173249444162934
1.235339130407548
1.226358460540271
1.190768055022476
1.170552654571325
1.202029769433341
1.211816855295155
1.270718815451282
1.165882899308540
1.213259422148251
1.200900869639020
1.198811018045548
1.211844135322836
1.265254749365866
1.162883342891406
1.239188411445210
1.221493481511116
1.212512089575329
1.104107608512039
1.273727942644167
1.222933437426213
1.152602757576027
1.227020012903388
1.198888971445605
1.193465603010859
1.205125230898852
1.169503712791465
1.266479168856825
1.266643531544951
1.218954416845518
1.321012219053136
1.282348125817977
1.255707235623244
1.230031207453293
1.091010618220233
1.149960012183751
1.231971786171314
1.212649177304448
1.205019180963967
1.241748691365949
1.178314444085391
1.152973587495251
1.224462061030201
1.182780056255390
1.189611456793446
1.236135646369197
1.204229377434175
1.211023734719723
1.279333060551164
1.171645495671227
1.195225752373749
1.162108004656999
1.200065734819251
1.140399443189580
1.212671788190761
1.192201964543742
1.217624572163001
1.151598491752991
1.208290522845784
1.145359406597497
1.243684603687541
1.185967642195961
1.198645419708227
1.136979133641777
1.195593273740950
1.212402384290935
1.083275980214577
1.164703853898119
1.201445048239056
1.172258970191806
1.215016722841709
1.229694048410412
1.241421449030893
1.136508435654405
1.207332178556547
1.170978853253176
1.250358326677490
1.266240306130868
1.241180186227911
1.146538927860104
1.299594794789283
1.099941829555348
1.189540192428687
1.282176146805360
1.226375227267743
1.137105661558636
1.139557343208312
1.198576704673857
1.150594720467187
1.219846231631595
1.140034786483464
1.218085133509259
1.166655415307666
1.171758562238721
1.192820602666156
1.164471962323688
1.179617774431401
1.232923193642091
1.174241547865261
1.257293996264054
1.232606794219523
1.264690767915347
1.196982284240155
1.155123837351555
1.262530784753484
1.141738700909803
1.174888701167450
1.251947434592928
1.269366606265183
1.128520445036572
1.211849641348544
1.211220329816345
1.152627849614652
1.201250882410656
1.168329104620055
1.213333590343760
1.264843246616258
1.194438153308974
1.313811109928954
1.241965119814636
1.173099353810594
1.188366795631867
1.190101455409351
1.251392191890224
1.260151868936530
1.204356679360290
1.165391059830148
1.169567288998444
1.226360404645137
1.203728058131432
1.233171175937786
1.194015647522268
1.174546298052359
1.200173039854215
1.186695172671097
1.251265690764126
1.245642303742797
1.142660705448953
1.221665024645518
1.216947204899632
1.196939962838586
1.287582537382000
1.249249780578365
1.251984000145866
1.172845151324106
1.218809217863369
1.144744962992322
1.211648799814964
1.227411932017398
1.213815145540129
1.214158794043844
1.237028630541760
1.211708841664162
1.220107781264374
1.164899362109160
1.194767830690376
1.249665126918233
1.181946004617537
1.258895866839905
1.213687272343649
1.117273916059555
1.186950042683007
1.204873866423250
1.167448917205175
1.167452847114179
1.199459035861397
1.230674003438177
1.138100889889331
1.218280214174375
1.179150552953816
1.248289927995395
1.266105449681464
1.156791645895053
1.152722503613159
1.232093252416674
1.263569853223552
1.142020236713471
1.124905987926096
1.243550985673005
1.232814301847875
1.263382765107361
1.163827018667955
1.189176387131217
1.266931971146481
1.163015083090376
1.213876808993852
1.158064402355823
1.245657288252668
1.228773184829687
1.124186746701889
1.132167890572095
1.213091361163994
1.173104399211413
1.227744749338825
1.277561251634266
1.225379653535890
1.152876876710239
1.219702798610631
1.169099211383215
1.229718111976914
1.283117016228133
1.190673201721185
1.257180624368417
1.185231236762717
1.218827993876687
1.234362090574904
1.287952896422626
1.196381489064807
1.165468570192593
1.287028160769200
1.147119566559057
1.235955863235903
1.190470039265688
1.087631584725406
1.140823494336487
1.145969107524208
1.271555750795631
1.290618448120196
1.185252433248434
1.204722702419253
1.147757686015997
1.162299613350489
1.179807375395091
1.253822254777317
1.151220286380387
1.204007687848594
1.265325238386582
1.244206077563283
1.238602579265321
1.256011979476307
1.192181676172318
1.199227933496473
1.169588980067464
1.148416361091914
1.194570458559117
1.150539278007068
1.284634008069025
1.145331174995186
1.131470538078817
1.263630209950823
1.217596665402849
1.184393467834233
1.183422474565818
1.105855309048449
1.201310773378672
1.179308669071357
1.123775545421007
1.284243434073262
1.240478443123400
1.156040656890204
1.243103595731580
1.108761975377495
1.203181085841999
1.229849016795417
1.221071640073340
1.229198921506437
1.166161493955412
1.186779301326736
1.186595319734655
1.300197239885097
1.147670416888542
1.279884422235021
1.227982326005568
1.151240965990728
1.250911633285544
1.202298318163554
1.133122262694676
1.222174769980840
1.186861678697782
1.283852744136323
1.168792871434434
1.195313740958117
1.246571840240935
1.182044152988695
1.202159854837878
1.207679097438904
1.163640958309479
1.189426343506478
1.234144105253439
1.188183858805830
1.226051852051436
1.147345835286618
1.130599026089323
1.181483188753339
1.252239467843363
1.166607111605110
1.259469540439978
1.153809527070567
1.192640895907573
1.200991516995580
1.169261554963196
1.194896883684213
1.206658440116567
1.226191150458944
1.228554245171570
1.172292949186759
1.190230715443462
1.147038772750180
1.159314318494823
1.238487793307620
1.170958567711698
1.177895069055088
1.262664774040135
1.197540146968455
1.198553431512293
1.228431303285119
1.180665467788965
1.219671864914161
1.178085048182394
1.227818108008801
1.251829796643803
1.219514548604622
1.238166448175999
1.222973204708522
1.264454740520377
1.210661574456783
1.146528948945050
1.197756682297304
1.162187045140820
1.185750466434792
1.119748634261359
1.175931026828880
1.311435041405605
1.132836921825384
1.105077976054110
1.247341536672162
1.158120107314000
1.176941228159795
1.264721353323227
1.211870542575607
1.141039369546616
1.173602990407514
1.241213581670895
1.161613883724439
1.239130633468486
1.196400812630135
1.234564858757996
1.192669890246727
1.231104562401157
1.209011638350386
1.260493657621147
1.184073172414149
1.233153778349651
1.214348161776963
1.170747218753324
1.189714380116260
1.225657873639695
1.336687440670377
1.221652351847917
1.209754423739608
1.143054699804502
1.226226858245501
1.155853137938041
1.253902854255534
1.177973654977287
1.188977176849239
1.122553479847962
1.162015483629197
1.124139692183025
1.181130059865559
1.196684970735625
1.236997101934842
1.152324344541845
1.187793144599337
1.257146107582766
1.163321265670436
1.152700968237796
1.191655738226862
1.242359827235906
1.246498651053809
1.222312044275295
1.284804037958546
1.201721122423397
1.143188881906120
1.230580916441866
1.306849354902905
1.206151566161481
1.192408637904999
1.141438705389800
1.181777808561137
1.225953633235854
1.106180060072678
1.291942459188411
1.247897666066733
1.163145391325441
1.143243860581309
1.205415139574248
1.265696185883740
1.231189695913939
1.142985618364420
1.190042838689212
1.173889908785102
1.263988462380863
1.261911796649428
1.196828255568693
1.209633583962303
1.173393635066343
1.235978034282704
1.237773778641821
1.205659761982153
1.172037876175384
1.255907119393186
1.180546749623763
1.241331300138388
1.232543881745848
1.253887903606683
1.198464003791051
1.244794177349316
1.205706766594017
1.227665501258439
1.174033901678258
1.164200793375520
1.198230607827710
1.245763029785197
1.219633258403975
1.180649159070108
1.160427245766303
1.251354511616089
1.219905947736314
1.152939520187698
1.203858307077629
1.172253546582749
1.221484922904323
1.241362186187121
1.152796494565573
1.253580454114695
1.243849492074659
1.226389567519877
1.160578635633738
1.213897949656093
1.197565036080821
1.167411694304847
1.225427083746339
1.168130554026303
1.260818034265548
1.155971238158157
1.232622427035372
1.208848513604468
1.131245951881849
1.235376006027595
1.237721620254014
1.226810514417754
1.120194923139410
1.185421090580516
1.165317045822651
1.143461839762661
1.190932636457277
1.139728284519067
1.186738471889868
1.383520074478011
1.253481838820569
1.225947281501516
1.219642005124580
1.311173886571704
1.193384845154268
1.186295812161757
1.152531811047263
1.250815536438470
1.233840386800604
1.230665350927503
1.239094520536355
1.135953602160149
1.145480942069871
1.191297725918862
1.163900220210350
1.171204649423061
1.189879200187281
1.227536397554444
1.232184829256699
1.195084652989361
1.204344880438087
1.144023557754645
1.251566037428198
1.206403005172883
1.123068164070098
1.263261059001148
1.203185629647405
1.196061144431404
1.256958386972428
1.286544894682249
1.220204304451078
1.191077758685540
1.188667104724778
1.229382542443237
1.256449893189492
1.259367584162321
1.171613727990375
1.213318820364194
1.269378021884918
1.228451236198176
1.160444906661448
1.254140879982295
1.204657518321131
1.123027823934658
1.162828126600816
1.160087129152060
1.144475713232677
1.220869488405626
1.272341070747351
1.244191550704544
1.181810264536040
1.182733832601099
1.206626669751340
1.217125054606941
1.143777873434127
1.241266804222211
1.220448044306192
1.196324455341107
1.059683069997228
1.271787519570956
1.104543304006807
1.179165457466798
1.201964695200747
1.245173684249299
1.157454807862929
1.135445731366723
1.207934683030240
1.123366527225903
1.162368804492172
1.238836216234054
1.179984461818259
1.131159451182637
1.244544384360157
1.163856982471510
1.129596091454771
1.214179105992462
1.190415171565137
1.103050991640804
1.116998453974109
1.178346926469584
1.213113067632257
1.215462060517516
1.239454460032883
1.227061092484106
1.126732285828111
1.205445334377362
1.214113644968867
1.196879719375918
1.193906858002984
1.149781290380293
1.268505712545653
1.154866665263065
1.238519544260227
1.197902659768819
1.300919531335363
1.201960267578175
1.218942952543723
1.099420227620644
1.118703216496845
1.147198387550266
1.185152717471526
1.224908743549395
1.133678922222770
1.219164714693576
1.196071444513950
1.253105777101956
1.172903172242185
1.182765816526925
1.255541028603297
1.204788410031601
1.253435231463451
1.216000140683685
1.191467764528457
1.188995170902656
1.205164750423192
1.199220219292528
1.218743183666952
1.223494104642112
1.156816954984974
1.213202443297076
1.182444821280969
1.242816500531986
1.241472608054954
1.165784320632430
1.207145312671447
1.179007633410142
1.251682856225041
1.190883031609903
1.202163571292961
1.231314952301162
1.152832849793656
1.206408238890411
1.178739716241411
1.203369783302408
1.133554308197738
1.173642635122792
1.171829277862547
1.217761943823541
1.169593175126443
1.235227441525590
1.274314390306126
1.267085222940839
1.194982657905110
1.220979872950883
1.182300850812409
1.227666776679162
1.261634854729189
1.162427981803487
1.147927615217005
1.223322791377677
1.287717540687876
1.199216653839829
1.174928845728144
1.167900049740919
1.195918042454383
1.231455830516555
1.198413565126989
1.233033129644947
1.197246998647105
1.127746475544843
1.239017560285672
1.159367692051656
1.189339972396195
1.116405907519910
1.266684916309096
1.193697193005468
1.184210435024622
1.163013851647612
1.201788313149587
1.138007195027272
1.101331738206457
1.286210074081580
1.172596408529183
1.239697523443622
1.270375901673150
1.219672312107712
1.249189163583639
1.205326512999727
